nodes 100
source 0
sink 99
arcs 3040
0 99 10
0 2 2
0 7 7
0 10 4
0 14 7
0 22 1
0 23 8
0 25 4
0 32 6
0 33 10
0 38 3
0 41 7
0 42 1
0 48 5
0 50 9
0 51 3
0 56 9
0 57 1
0 62 3
0 63 10
0 69 9
0 77 9
0 79 1
0 84 5
0 86 6
0 92 3
0 98 8
1 7 4
1 14 6
1 19 4
1 20 4
1 22 9
1 25 2
1 30 6
1 32 8
1 35 9
1 36 2
1 43 8
1 53 1
1 55 9
1 56 2
1 61 4
1 65 10
1 68 5
1 70 5
1 75 7
1 78 1
1 82 1
1 89 2
1 90 10
1 93 3
2 0 1
2 6 7
2 7 4
2 9 9
2 11 6
2 12 1
2 15 3
2 17 1
2 18 4
2 24 6
2 29 1
2 33 4
2 34 3
2 35 9
2 40 6
2 42 4
2 45 10
2 47 9
2 50 8
2 52 3
2 55 4
2 63 6
2 66 6
2 69 5
2 70 9
2 71 8
2 72 6
2 75 6
2 77 8
2 78 2
2 79 10
2 82 4
2 83 5
2 87 3
2 88 7
2 91 6
2 94 1
2 96 2
2 97 5
2 98 2
2 99 1
3 4 3
3 7 1
3 30 1
3 32 1
3 36 7
3 38 2
3 48 10
3 50 6
3 52 10
3 57 3
3 67 5
3 69 9
3 71 9
3 75 6
3 83 5
3 90 8
3 95 1
4 4 6
4 6 4
4 10 3
4 15 9
4 16 9
4 20 3
4 21 4
4 23 4
4 24 2
4 25 4
4 28 3
4 31 8
4 41 7
4 44 10
4 48 4
4 54 9
4 61 7
4 65 1
4 66 4
4 68 2
4 69 7
4 70 7
4 72 7
4 73 5
4 76 8
4 78 3
4 80 8
4 90 7
4 91 2
4 95 1
4 97 9
5 4 8
5 5 3
5 6 2
5 7 4
5 8 4
5 10 5
5 11 4
5 12 4
5 16 7
5 17 8
5 22 1
5 23 10
5 26 10
5 30 4
5 32 7
5 33 10
5 38 7
5 42 4
5 45 10
5 46 5
5 48 5
5 49 8
5 50 5
5 58 2
5 60 4
5 64 7
5 77 3
5 79 5
5 82 1
5 85 8
6 0 4
6 4 6
6 6 4
6 7 1
6 11 5
6 20 1
6 23 7
6 26 10
6 27 6
6 31 6
6 32 4
6 35 3
6 38 3
6 40 8
6 42 9
6 45 10
6 55 3
6 58 7
6 62 6
6 64 7
6 67 4
6 69 4
6 72 6
6 75 10
6 77 5
6 80 2
6 81 10
6 84 6
6 87 5
6 88 7
6 89 2
6 91 5
6 92 3
6 96 10
6 98 9
7 1 1
7 2 1
7 4 10
7 6 7
7 8 6
7 12 2
7 17 7
7 19 6
7 22 5
7 24 10
7 25 3
7 33 4
7 37 8
7 39 10
7 40 9
7 42 6
7 50 1
7 53 2
7 57 9
7 65 9
7 74 10
7 81 1
7 83 5
7 96 6
7 97 10
7 98 10
7 99 1
8 2 7
8 3 5
8 8 1
8 13 6
8 14 5
8 18 6
8 22 7
8 29 5
8 33 8
8 36 3
8 42 7
8 44 8
8 46 6
8 48 3
8 53 10
8 54 3
8 58 1
8 62 8
8 64 9
8 69 3
8 71 8
8 81 9
8 87 8
8 91 6
8 93 8
8 99 6
9 3 9
9 6 9
9 12 5
9 14 2
9 17 1
9 18 6
9 25 10
9 28 6
9 29 9
9 38 6
9 39 8
9 46 5
9 47 3
9 48 8
9 51 4
9 53 4
9 58 6
9 59 7
9 61 10
9 63 6
9 67 3
9 69 7
9 77 10
9 80 10
9 83 4
9 86 10
9 87 1
9 90 9
9 91 6
9 95 9
9 97 2
9 98 10
10 2 6
10 3 3
10 10 2
10 12 8
10 18 4
10 20 4
10 22 4
10 23 6
10 26 8
10 28 2
10 29 8
10 30 1
10 32 2
10 33 5
10 35 8
10 36 9
10 38 9
10 44 9
10 45 4
10 48 2
10 49 4
10 50 2
10 54 1
10 55 9
10 57 1
10 64 3
10 69 4
10 70 5
10 75 10
10 76 1
10 81 8
10 86 6
10 87 8
10 88 7
10 89 6
10 94 8
10 96 1
10 97 4
10 98 5
11 0 7
11 4 9
11 5 7
11 7 8
11 10 10
11 11 1
11 12 8
11 14 8
11 15 1
11 18 9
11 25 5
11 27 1
11 39 1
11 40 7
11 41 1
11 43 9
11 44 7
11 48 3
11 50 8
11 58 1
11 65 5
11 69 5
11 74 9
11 76 6
11 78 6
11 80 7
11 82 4
11 83 4
11 84 10
11 85 10
11 86 6
11 93 4
11 94 4
11 99 6
12 3 6
12 7 7
12 8 7
12 9 4
12 10 8
12 12 5
12 13 3
12 15 9
12 21 3
12 23 5
12 25 4
12 26 3
12 30 6
12 31 1
12 34 1
12 36 9
12 41 1
12 46 7
12 49 8
12 50 9
12 52 7
12 55 9
12 57 9
12 62 2
12 68 7
12 69 10
12 70 1
12 71 8
12 72 10
12 74 4
12 75 10
12 76 10
12 77 7
12 78 8
12 82 2
12 83 6
12 85 3
12 94 8
12 99 4
13 4 7
13 6 3
13 13 9
13 18 5
13 20 4
13 22 5
13 24 3
13 35 7
13 36 9
13 40 3
13 41 3
13 43 3
13 45 1
13 46 10
13 48 3
13 52 4
13 56 2
13 59 1
13 60 6
13 64 7
13 65 8
13 66 7
13 74 6
13 83 4
13 84 7
13 86 1
13 87 1
13 88 7
13 92 2
14 1 4
14 5 6
14 6 1
14 16 4
14 17 7
14 18 3
14 20 3
14 23 10
14 24 8
14 31 10
14 32 1
14 34 9
14 36 10
14 41 6
14 47 9
14 57 4
14 58 6
14 63 2
14 65 8
14 74 1
14 76 10
14 77 5
14 78 10
14 80 8
14 84 8
14 86 5
14 89 6
14 94 8
14 95 8
14 98 3
15 0 3
15 2 8
15 5 3
15 6 6
15 11 3
15 13 10
15 16 4
15 18 5
15 23 3
15 25 1
15 26 10
15 31 5
15 36 6
15 37 4
15 44 3
15 45 8
15 46 2
15 47 8
15 48 7
15 54 6
15 55 3
15 56 9
15 61 6
15 63 2
15 76 6
15 78 7
15 79 1
15 80 5
15 82 8
15 85 4
15 88 1
15 89 7
15 90 4
15 97 10
16 3 5
16 4 9
16 5 10
16 6 10
16 8 2
16 9 4
16 13 4
16 14 5
16 17 10
16 19 2
16 21 4
16 22 9
16 31 9
16 32 9
16 39 9
16 42 5
16 46 2
16 47 10
16 50 8
16 52 4
16 56 10
16 59 10
16 64 1
16 70 3
16 71 8
16 75 6
16 76 2
16 77 7
16 81 4
16 83 6
16 84 1
16 87 8
16 89 8
16 90 10
16 94 7
16 95 7
16 99 9
17 1 8
17 2 9
17 5 6
17 7 8
17 13 6
17 14 3
17 17 3
17 22 6
17 23 3
17 28 2
17 29 3
17 31 4
17 35 4
17 53 4
17 63 2
17 66 2
17 69 2
17 71 1
17 72 6
17 89 7
17 96 8
18 8 1
18 12 3
18 20 2
18 21 2
18 22 5
18 24 4
18 29 10
18 32 10
18 33 3
18 36 1
18 40 1
18 43 8
18 44 1
18 45 5
18 51 6
18 56 7
18 61 3
18 65 5
18 68 6
18 69 9
18 70 7
18 74 7
18 78 2
18 80 9
18 81 9
18 84 6
18 86 7
18 90 3
19 4 5
19 7 8
19 8 4
19 9 5
19 13 1
19 19 10
19 24 8
19 25 1
19 26 9
19 28 6
19 36 6
19 37 10
19 38 9
19 39 3
19 41 2
19 42 5
19 44 3
19 45 1
19 49 10
19 53 10
19 57 1
19 61 8
19 63 6
19 67 3
19 69 8
19 75 2
19 76 7
19 79 8
19 83 7
19 84 3
19 88 10
19 91 7
19 93 3
19 95 2
19 98 3
19 99 1
20 2 5
20 4 2
20 9 6
20 15 8
20 18 2
20 22 10
20 28 6
20 36 5
20 41 2
20 46 5
20 48 1
20 51 6
20 53 9
20 58 4
20 62 8
20 65 8
20 67 1
20 68 6
20 71 5
20 78 4
20 82 8
20 83 4
20 84 5
20 85 1
20 86 7
20 87 8
20 90 4
21 1 3
21 2 5
21 6 7
21 7 9
21 9 3
21 10 2
21 13 5
21 16 9
21 21 9
21 22 5
21 23 4
21 25 7
21 26 6
21 27 8
21 28 3
21 30 9
21 34 9
21 41 1
21 44 2
21 47 1
21 53 4
21 54 8
21 55 6
21 58 1
21 67 5
21 71 7
21 75 3
21 76 9
21 77 7
21 78 7
21 79 9
21 82 4
21 87 8
21 90 6
21 94 9
21 98 2
22 2 4
22 4 2
22 5 5
22 11 9
22 16 5
22 19 8
22 20 10
22 24 3
22 25 5
22 28 3
22 30 9
22 31 5
22 32 9
22 38 5
22 41 8
22 45 7
22 49 10
22 50 3
22 53 1
22 54 3
22 61 3
22 63 3
22 67 5
22 77 4
22 79 1
22 81 10
22 85 2
22 95 4
23 1 4
23 2 4
23 6 1
23 7 4
23 10 10
23 15 5
23 16 1
23 18 1
23 22 1
23 25 6
23 31 2
23 34 2
23 35 8
23 45 5
23 48 4
23 57 2
23 59 8
23 67 3
23 69 2
23 70 3
23 72 3
23 75 5
23 78 6
23 79 3
23 81 1
23 85 7
23 86 2
23 90 3
23 94 4
23 95 3
23 98 4
23 99 2
24 0 6
24 3 3
24 4 8
24 6 10
24 7 2
24 11 4
24 14 3
24 15 1
24 22 1
24 23 7
24 25 1
24 29 10
24 30 5
24 31 10
24 36 7
24 37 4
24 38 6
24 41 4
24 46 1
24 47 2
24 48 2
24 50 4
24 51 5
24 53 10
24 61 10
24 64 3
24 69 8
24 70 3
24 74 2
24 77 5
24 78 10
24 79 6
24 81 3
24 83 1
24 90 7
24 91 8
24 94 3
24 95 7
24 98 8
25 1 7
25 3 8
25 12 10
25 22 3
25 24 9
25 25 5
25 27 4
25 28 5
25 32 2
25 33 4
25 35 4
25 37 5
25 38 3
25 39 1
25 40 4
25 46 5
25 56 5
25 57 5
25 60 1
25 65 1
25 68 8
25 69 6
25 71 6
25 73 9
25 75 3
25 78 9
25 81 5
25 82 6
25 88 9
25 95 3
25 98 7
26 9 1
26 12 1
26 13 9
26 15 10
26 19 1
26 25 2
26 26 10
26 29 10
26 31 3
26 36 8
26 44 8
26 48 2
26 55 7
26 56 2
26 58 6
26 63 8
26 64 3
26 65 3
26 66 4
26 70 4
26 74 2
26 75 3
26 76 9
26 85 2
26 89 9
26 98 6
27 2 9
27 13 2
27 20 6
27 21 10
27 23 9
27 30 8
27 32 8
27 35 1
27 37 7
27 38 6
27 40 7
27 41 7
27 45 4
27 50 4
27 53 8
27 54 1
27 63 2
27 67 5
27 68 10
27 69 8
27 70 5
27 73 4
27 74 5
27 77 4
27 83 10
27 84 7
27 85 9
27 86 2
27 89 2
27 91 5
27 92 8
27 93 1
27 96 5
27 99 1
28 1 1
28 4 8
28 7 7
28 9 2
28 12 3
28 13 6
28 22 2
28 25 1
28 27 10
28 28 3
28 29 3
28 30 2
28 31 7
28 34 7
28 39 7
28 40 3
28 41 5
28 42 9
28 45 4
28 46 9
28 50 8
28 53 5
28 61 4
28 65 5
28 74 4
28 81 1
28 84 9
28 85 8
28 90 9
28 97 2
28 98 9
29 7 1
29 9 7
29 11 3
29 16 10
29 20 2
29 30 7
29 33 8
29 35 8
29 43 3
29 52 3
29 54 4
29 58 8
29 61 8
29 65 6
29 69 2
29 76 3
29 78 8
29 84 6
29 87 2
29 88 1
29 92 8
29 95 10
30 0 9
30 2 3
30 6 4
30 7 5
30 8 2
30 22 7
30 23 6
30 24 10
30 28 9
30 30 4
30 32 5
30 37 3
30 38 7
30 39 2
30 44 1
30 46 1
30 48 4
30 50 1
30 54 4
30 56 9
30 57 9
30 71 7
30 74 5
30 81 8
30 86 2
30 87 3
30 93 2
31 0 6
31 3 6
31 9 3
31 11 9
31 20 8
31 23 4
31 25 1
31 26 4
31 33 10
31 43 3
31 46 7
31 56 8
31 58 6
31 59 4
31 63 2
31 64 5
31 67 2
31 71 3
31 73 10
31 75 6
31 86 6
31 90 9
31 96 7
31 99 6
32 1 8
32 4 5
32 5 6
32 6 1
32 10 4
32 11 3
32 15 4
32 16 3
32 20 9
32 24 8
32 27 9
32 29 6
32 32 8
32 36 5
32 40 9
32 42 1
32 43 4
32 44 4
32 45 1
32 52 5
32 53 4
32 58 1
32 63 5
32 64 2
32 65 5
32 67 6
32 68 6
32 74 1
32 77 2
32 79 7
32 96 5
32 97 10
32 99 10
33 5 10
33 8 8
33 19 1
33 20 7
33 24 7
33 29 2
33 32 5
33 35 1
33 36 10
33 41 4
33 46 7
33 48 5
33 56 10
33 60 10
33 64 3
33 66 8
33 68 6
33 70 10
33 73 1
33 87 5
33 89 7
33 93 9
33 95 9
33 97 1
33 99 9
34 2 5
34 5 3
34 6 8
34 8 2
34 14 3
34 18 3
34 19 9
34 21 4
34 37 4
34 38 2
34 39 6
34 40 3
34 42 7
34 43 6
34 49 8
34 51 4
34 52 4
34 55 1
34 60 1
34 61 1
34 67 2
34 77 6
34 88 1
34 89 6
34 90 4
34 97 6
35 0 8
35 4 5
35 5 9
35 6 4
35 8 5
35 9 2
35 14 7
35 19 7
35 26 5
35 27 7
35 29 10
35 34 1
35 37 10
35 43 4
35 44 7
35 55 7
35 57 8
35 60 10
35 65 10
35 66 8
35 68 5
35 71 8
35 76 1
35 89 5
35 90 6
35 91 2
35 93 2
35 94 2
36 7 6
36 15 3
36 20 3
36 23 10
36 31 2
36 33 4
36 35 3
36 38 4
36 41 4
36 42 6
36 45 5
36 59 4
36 61 9
36 62 9
36 68 8
36 80 6
36 82 1
36 83 1
36 84 4
36 85 6
36 90 6
36 96 5
36 98 7
37 1 8
37 4 3
37 15 2
37 17 3
37 19 7
37 23 4
37 29 7
37 30 5
37 36 5
37 37 3
37 43 5
37 44 10
37 46 10
37 47 6
37 49 5
37 53 6
37 54 4
37 59 1
37 61 10
37 62 3
37 63 10
37 64 6
37 65 7
37 66 1
37 67 10
37 68 10
37 70 10
37 71 1
37 74 10
37 80 1
37 82 1
37 98 3
38 0 2
38 1 10
38 16 4
38 18 10
38 23 1
38 29 9
38 31 2
38 34 4
38 36 1
38 42 3
38 43 7
38 48 9
38 49 9
38 50 5
38 54 10
38 56 7
38 63 8
38 67 10
38 68 8
38 71 10
38 75 9
38 76 9
38 77 10
38 78 1
38 80 4
38 81 2
38 85 4
38 89 7
38 90 1
38 96 2
38 98 2
38 99 10
39 2 5
39 16 6
39 19 8
39 22 10
39 24 10
39 31 1
39 33 1
39 39 3
39 44 3
39 51 7
39 53 5
39 57 5
39 58 9
39 64 3
39 65 8
39 69 10
39 72 3
39 75 6
39 77 3
39 85 8
39 87 3
39 90 3
39 91 4
39 92 4
39 93 7
39 94 2
39 95 8
39 99 5
40 2 7
40 6 4
40 7 7
40 9 7
40 10 6
40 11 6
40 14 4
40 25 2
40 27 4
40 32 2
40 39 9
40 40 2
40 42 4
40 43 9
40 50 4
40 54 3
40 58 5
40 59 6
40 63 10
40 70 7
40 71 6
40 81 8
40 82 3
40 90 8
40 93 8
40 94 4
40 98 8
41 0 6
41 11 2
41 12 8
41 14 2
41 18 3
41 21 4
41 22 2
41 25 3
41 33 5
41 39 1
41 40 8
41 43 4
41 51 9
41 52 4
41 57 4
41 62 4
41 74 5
41 77 8
41 79 7
41 81 7
41 82 5
41 85 6
41 87 7
41 89 1
41 93 1
41 94 9
41 98 7
41 99 3
42 5 3
42 7 8
42 14 3
42 20 6
42 22 3
42 24 5
42 34 9
42 37 2
42 42 3
42 46 6
42 48 1
42 50 1
42 51 2
42 53 4
42 54 8
42 56 2
42 68 3
42 70 4
42 72 6
42 80 4
42 88 8
42 94 2
42 96 8
42 97 5
43 0 9
43 3 1
43 4 8
43 8 2
43 9 9
43 12 4
43 13 7
43 14 3
43 16 5
43 21 6
43 34 10
43 36 2
43 41 1
43 44 9
43 60 4
43 63 5
43 65 6
43 68 8
43 69 1
43 70 5
43 71 7
43 72 9
43 73 3
43 74 10
43 76 7
43 83 9
43 85 7
43 91 6
43 96 7
43 99 6
44 0 10
44 2 1
44 6 1
44 7 5
44 9 4
44 10 6
44 13 6
44 21 4
44 32 10
44 33 7
44 53 2
44 62 6
44 66 4
44 68 2
44 74 8
44 86 7
44 92 3
44 97 2
44 99 7
45 0 7
45 3 1
45 6 2
45 7 4
45 12 8
45 18 8
45 21 7
45 24 8
45 26 2
45 31 1
45 42 8
45 47 4
45 52 9
45 54 9
45 57 6
45 61 9
45 63 4
45 73 2
45 74 5
45 80 4
45 83 1
45 84 1
45 85 9
45 93 1
45 94 10
45 96 6
45 98 6
46 4 8
46 5 2
46 8 5
46 10 5
46 11 4
46 13 5
46 15 2
46 20 4
46 26 8
46 30 2
46 33 6
46 42 7
46 46 5
46 54 3
46 60 10
46 61 1
46 62 2
46 65 5
46 66 2
46 67 5
46 72 7
46 73 4
46 75 1
46 80 3
46 89 4
46 91 9
46 93 8
46 97 7
47 4 10
47 9 10
47 12 4
47 16 10
47 18 2
47 20 6
47 22 9
47 24 10
47 26 6
47 29 3
47 32 5
47 36 8
47 39 4
47 50 8
47 51 10
47 53 2
47 54 10
47 56 2
47 57 1
47 58 4
47 60 4
47 65 8
47 66 9
47 67 4
47 68 6
47 74 2
47 80 3
47 81 8
47 87 7
47 88 1
47 94 7
47 97 5
47 98 2
48 1 8
48 11 9
48 12 1
48 15 7
48 17 6
48 19 1
48 20 7
48 22 8
48 26 4
48 27 5
48 31 8
48 39 8
48 45 9
48 49 7
48 53 9
48 54 1
48 55 7
48 57 9
48 58 10
48 60 5
48 80 10
48 81 10
48 83 7
48 85 5
48 91 5
48 93 7
48 95 6
48 99 8
49 0 6
49 4 7
49 5 9
49 6 10
49 9 1
49 16 10
49 18 4
49 19 10
49 22 10
49 24 8
49 28 5
49 30 9
49 39 9
49 41 5
49 43 1
49 44 1
49 46 2
49 48 6
49 51 10
49 52 1
49 55 10
49 60 10
49 76 8
49 77 10
49 78 1
49 91 6
49 93 3
49 94 4
49 95 3
49 98 5
49 99 3
50 1 4
50 3 2
50 6 6
50 8 7
50 9 4
50 12 5
50 14 1
50 15 6
50 17 10
50 20 2
50 23 5
50 27 3
50 29 1
50 35 2
50 37 6
50 44 9
50 46 6
50 49 6
50 54 3
50 56 1
50 57 4
50 63 4
50 65 4
50 68 7
50 78 1
50 79 10
50 80 9
50 90 10
50 91 10
50 92 8
50 95 1
50 97 2
51 1 10
51 3 2
51 11 2
51 12 7
51 13 10
51 19 8
51 21 10
51 22 7
51 25 8
51 29 7
51 31 3
51 34 3
51 35 7
51 37 3
51 38 9
51 40 1
51 43 10
51 50 5
51 53 4
51 57 4
51 60 7
51 64 7
51 66 8
51 69 7
51 71 2
51 76 1
51 77 9
51 78 5
51 79 10
51 80 10
51 82 1
51 83 7
51 84 3
51 85 7
51 86 1
51 88 10
51 89 8
51 90 5
51 92 2
51 93 1
51 95 6
51 97 8
52 0 5
52 6 10
52 7 2
52 15 7
52 16 2
52 18 5
52 19 9
52 23 8
52 24 10
52 29 4
52 30 2
52 36 8
52 40 7
52 42 8
52 45 1
52 46 8
52 47 3
52 50 1
52 59 2
52 62 6
52 65 7
52 70 1
52 75 9
52 77 2
52 81 4
52 82 1
52 90 5
52 92 4
52 97 2
53 0 2
53 2 6
53 3 1
53 4 4
53 7 9
53 16 2
53 17 3
53 19 9
53 20 7
53 27 2
53 32 9
53 43 3
53 54 2
53 55 7
53 56 6
53 61 10
53 62 4
53 66 7
53 69 6
53 70 7
53 73 2
53 74 10
53 75 6
53 76 4
53 77 3
53 78 4
53 86 9
53 87 1
53 88 1
53 90 2
53 92 8
54 0 9
54 2 8
54 4 7
54 11 8
54 12 10
54 14 8
54 19 7
54 24 10
54 27 1
54 30 6
54 36 7
54 40 5
54 41 10
54 43 9
54 47 8
54 53 6
54 54 2
54 55 8
54 63 3
54 72 5
54 73 9
54 74 10
54 75 6
54 76 4
54 80 9
54 81 1
54 82 6
54 85 3
54 96 7
55 1 9
55 2 2
55 6 2
55 7 4
55 9 7
55 16 8
55 18 3
55 20 3
55 24 4
55 27 3
55 30 2
55 31 3
55 32 1
55 34 8
55 36 1
55 39 5
55 48 8
55 53 9
55 55 1
55 57 3
55 58 7
55 60 3
55 61 3
55 64 4
55 69 6
55 70 4
55 71 2
55 72 8
55 81 10
55 83 6
55 89 5
55 90 10
55 92 9
55 98 2
56 4 10
56 9 7
56 18 2
56 20 6
56 28 5
56 29 10
56 30 2
56 31 3
56 34 1
56 36 7
56 38 10
56 42 6
56 43 7
56 53 1
56 63 6
56 67 8
56 73 7
56 85 6
56 87 6
56 88 8
56 94 1
56 98 8
56 99 8
57 0 2
57 1 2
57 4 1
57 6 3
57 7 9
57 10 10
57 13 4
57 18 9
57 19 8
57 21 9
57 23 10
57 27 3
57 29 5
57 33 8
57 34 5
57 37 9
57 46 5
57 47 6
57 50 7
57 51 7
57 54 8
57 57 1
57 58 2
57 60 2
57 61 2
57 64 5
57 65 10
57 68 8
57 71 9
57 74 8
57 80 9
57 83 3
57 91 7
57 95 2
57 97 8
58 4 10
58 5 2
58 10 10
58 16 7
58 18 8
58 21 4
58 24 5
58 27 10
58 28 1
58 33 8
58 44 6
58 47 8
58 56 5
58 58 2
58 59 3
58 60 8
58 61 1
58 66 3
58 70 7
58 71 6
58 76 1
58 80 1
58 85 8
58 87 5
58 91 7
58 95 2
58 96 10
58 98 6
59 0 6
59 2 6
59 3 7
59 9 5
59 10 5
59 14 2
59 15 10
59 20 2
59 21 5
59 29 7
59 30 4
59 31 6
59 32 2
59 35 8
59 37 6
59 39 1
59 40 3
59 43 2
59 44 2
59 48 8
59 49 10
59 52 9
59 54 5
59 58 5
59 59 6
59 61 6
59 68 2
59 73 4
59 76 7
59 82 9
59 84 10
59 87 6
59 88 9
59 89 1
59 92 5
59 93 6
59 96 8
60 0 10
60 1 6
60 5 9
60 6 5
60 8 10
60 12 6
60 13 7
60 21 5
60 22 6
60 26 4
60 29 8
60 30 3
60 39 7
60 46 10
60 51 8
60 52 4
60 55 3
60 56 7
60 57 6
60 59 3
60 64 4
60 66 10
60 69 8
60 70 9
60 73 8
60 79 9
60 80 6
60 87 10
60 99 4
61 2 3
61 5 3
61 12 1
61 22 4
61 24 2
61 28 1
61 33 6
61 34 5
61 37 10
61 39 8
61 41 9
61 45 10
61 47 10
61 51 7
61 53 6
61 60 1
61 62 2
61 66 5
61 77 10
61 80 8
61 82 10
61 92 9
61 95 9
61 96 1
61 98 9
62 7 3
62 8 9
62 19 1
62 23 9
62 31 8
62 34 9
62 47 7
62 48 7
62 49 9
62 54 3
62 57 7
62 58 4
62 60 10
62 64 8
62 66 6
62 70 3
62 73 7
62 76 5
62 81 4
62 82 6
62 84 10
62 91 6
62 96 2
63 2 3
63 4 4
63 10 4
63 15 1
63 17 10
63 18 10
63 20 1
63 29 1
63 31 8
63 38 7
63 42 3
63 44 10
63 46 8
63 51 4
63 53 4
63 55 6
63 62 1
63 65 7
63 71 9
63 75 6
63 81 1
63 84 9
63 88 4
63 89 8
63 90 10
63 91 7
63 92 1
63 93 4
63 98 1
64 2 3
64 3 3
64 5 1
64 6 10
64 7 2
64 13 9
64 14 9
64 15 9
64 18 8
64 20 6
64 23 3
64 24 7
64 31 2
64 33 10
64 36 6
64 37 4
64 38 2
64 39 8
64 43 10
64 50 7
64 52 5
64 54 3
64 55 2
64 56 10
64 61 1
64 62 9
64 64 3
64 68 8
64 71 9
64 76 4
64 81 9
64 84 6
64 85 5
64 86 5
64 88 6
64 90 5
64 94 2
64 97 1
65 6 5
65 7 7
65 15 7
65 18 8
65 20 2
65 22 10
65 24 1
65 25 8
65 26 10
65 28 9
65 32 6
65 33 9
65 38 2
65 42 3
65 44 10
65 47 9
65 51 10
65 58 7
65 59 4
65 64 5
65 65 2
65 66 6
65 67 2
65 71 1
65 72 8
65 76 3
65 79 5
65 80 8
65 81 9
65 83 8
65 86 5
65 87 8
65 89 9
65 91 5
65 95 2
65 96 1
65 97 10
65 99 8
66 0 4
66 1 8
66 2 1
66 4 9
66 5 9
66 7 10
66 15 6
66 19 2
66 20 8
66 29 4
66 30 7
66 32 9
66 33 10
66 36 8
66 40 3
66 41 7
66 44 6
66 51 7
66 52 7
66 53 8
66 57 2
66 65 2
66 67 3
66 73 8
66 75 1
66 79 8
66 81 3
66 82 9
66 84 4
66 87 2
66 89 4
66 92 6
66 93 6
66 94 5
66 95 8
66 97 1
66 98 7
67 6 7
67 10 5
67 11 6
67 13 5
67 14 7
67 17 10
67 18 2
67 20 6
67 26 7
67 30 3
67 31 4
67 39 2
67 43 10
67 44 8
67 45 3
67 49 1
67 53 9
67 63 3
67 64 8
67 65 7
67 66 1
67 68 7
67 72 3
67 79 8
67 81 9
67 86 9
67 88 5
67 89 10
67 92 4
67 94 7
67 96 1
67 98 7
67 99 1
68 0 8
68 16 7
68 19 2
68 21 7
68 34 5
68 36 6
68 38 8
68 43 10
68 44 7
68 51 9
68 52 1
68 54 1
68 56 5
68 65 5
68 68 1
68 69 2
68 73 10
68 74 9
68 82 9
68 93 7
68 94 1
69 9 4
69 13 2
69 14 7
69 17 10
69 24 10
69 25 8
69 29 6
69 30 2
69 31 9
69 33 10
69 35 6
69 37 3
69 39 2
69 43 5
69 47 10
69 50 1
69 54 9
69 58 6
69 72 7
69 74 5
69 76 9
69 78 2
69 81 3
69 82 9
69 83 10
69 84 2
69 86 1
69 89 6
69 91 1
69 95 9
69 96 9
69 97 8
70 1 4
70 2 7
70 8 3
70 13 2
70 18 8
70 27 10
70 29 2
70 32 8
70 34 10
70 35 7
70 39 3
70 40 9
70 42 1
70 48 10
70 49 6
70 53 10
70 54 8
70 55 7
70 60 10
70 62 3
70 63 3
70 64 1
70 68 5
70 77 6
70 80 7
70 81 10
70 86 4
70 88 2
70 89 3
70 91 5
70 92 5
70 93 8
70 94 2
70 96 9
70 98 2
70 99 5
71 2 8
71 6 2
71 7 8
71 13 1
71 15 6
71 19 9
71 21 4
71 30 9
71 31 6
71 36 5
71 47 2
71 49 8
71 51 5
71 53 10
71 55 7
71 60 3
71 61 7
71 69 6
71 72 7
71 75 7
71 76 6
71 78 2
71 81 1
71 84 6
71 85 7
71 86 3
71 91 2
71 94 5
71 97 5
71 98 10
72 6 10
72 7 5
72 8 5
72 10 10
72 11 8
72 16 8
72 19 9
72 20 8
72 27 9
72 28 10
72 33 8
72 37 1
72 38 7
72 44 8
72 47 7
72 48 3
72 50 5
72 53 6
72 55 1
72 56 2
72 59 7
72 62 6
72 64 5
72 69 10
72 71 2
72 72 10
72 73 9
72 74 8
72 76 6
72 85 5
72 86 7
72 90 6
72 94 8
72 95 9
72 98 10
73 0 5
73 3 4
73 5 8
73 6 9
73 7 2
73 8 2
73 9 9
73 13 2
73 14 9
73 17 9
73 23 6
73 28 9
73 30 8
73 37 10
73 38 2
73 44 7
73 51 6
73 54 8
73 56 7
73 66 4
73 70 6
73 72 8
73 76 1
73 77 7
73 79 4
73 80 10
73 91 3
73 92 5
73 96 5
73 97 2
73 98 4
74 0 3
74 2 4
74 4 6
74 10 7
74 14 2
74 17 3
74 22 5
74 23 8
74 25 2
74 26 1
74 27 6
74 28 10
74 29 7
74 31 1
74 42 9
74 49 6
74 52 5
74 53 2
74 59 7
74 65 4
74 67 1
74 70 4
74 72 2
74 73 3
74 75 3
74 77 2
74 78 4
74 86 10
74 87 5
74 95 6
74 96 2
74 97 6
74 99 1
75 1 4
75 9 6
75 17 3
75 18 10
75 19 10
75 20 9
75 22 10
75 23 9
75 27 8
75 32 10
75 39 3
75 40 10
75 44 3
75 47 8
75 54 6
75 56 4
75 58 4
75 59 1
75 60 5
75 62 1
75 66 1
75 67 10
75 69 7
75 73 8
75 75 9
75 80 1
75 83 6
75 84 2
75 90 4
75 95 4
75 97 3
75 98 3
76 1 4
76 2 10
76 7 6
76 8 2
76 13 2
76 15 8
76 16 6
76 19 6
76 20 9
76 25 7
76 28 9
76 34 8
76 35 6
76 36 3
76 48 10
76 51 9
76 52 4
76 58 1
76 59 7
76 62 8
76 67 9
76 70 6
76 73 3
76 89 1
76 91 4
76 94 9
76 95 8
76 97 4
77 2 5
77 3 8
77 11 10
77 15 8
77 17 10
77 21 6
77 23 10
77 24 5
77 25 7
77 29 4
77 32 10
77 44 5
77 45 2
77 54 7
77 60 6
77 64 5
77 68 7
77 71 9
77 74 5
77 82 10
77 87 5
77 88 5
77 91 9
77 97 8
78 9 1
78 15 5
78 18 7
78 19 4
78 21 10
78 22 6
78 23 3
78 24 9
78 25 9
78 28 9
78 31 6
78 34 3
78 45 10
78 54 5
78 61 5
78 64 9
78 65 8
78 66 10
78 69 10
78 71 1
78 75 9
78 77 4
78 81 3
78 82 6
78 91 6
78 97 5
79 1 6
79 4 10
79 8 10
79 10 1
79 16 3
79 24 2
79 25 5
79 26 5
79 29 1
79 32 3
79 37 10
79 40 8
79 41 7
79 42 3
79 46 3
79 47 6
79 49 8
79 57 9
79 60 5
79 63 5
79 68 10
79 69 4
79 71 8
79 75 7
79 76 5
79 79 6
79 81 2
79 84 2
79 89 4
79 90 10
80 0 5
80 1 9
80 2 4
80 6 5
80 7 10
80 9 10
80 11 5
80 14 4
80 16 6
80 17 8
80 18 3
80 19 7
80 20 7
80 21 8
80 26 7
80 29 9
80 31 8
80 32 5
80 33 8
80 34 1
80 36 8
80 38 8
80 40 8
80 49 10
80 51 7
80 54 2
80 55 6
80 57 7
80 61 3
80 62 1
80 65 4
80 68 3
80 69 5
80 72 9
80 73 6
80 74 9
80 75 5
80 80 4
80 82 5
80 84 6
80 88 9
80 92 10
80 93 9
80 98 5
81 3 5
81 7 8
81 10 3
81 17 5
81 23 8
81 24 8
81 26 2
81 28 7
81 30 1
81 31 2
81 34 10
81 38 3
81 45 8
81 48 7
81 49 9
81 61 5
81 64 7
81 66 9
81 69 4
81 72 7
81 77 7
81 83 8
81 84 5
81 85 3
81 88 1
81 90 10
81 94 7
81 96 3
82 0 5
82 2 6
82 3 2
82 4 5
82 6 2
82 8 4
82 17 6
82 20 7
82 21 7
82 25 6
82 29 2
82 35 4
82 37 3
82 39 3
82 44 7
82 47 5
82 56 10
82 62 9
82 64 5
82 66 8
82 68 9
82 69 4
82 70 10
82 72 3
82 74 9
82 77 4
82 78 6
82 79 9
82 95 5
82 97 2
83 2 3
83 6 9
83 7 6
83 9 4
83 12 10
83 16 3
83 18 2
83 21 8
83 30 9
83 33 8
83 34 5
83 35 7
83 38 3
83 39 7
83 42 4
83 43 6
83 44 10
83 46 8
83 53 9
83 54 8
83 62 3
83 65 9
83 67 1
83 69 1
83 72 7
83 75 1
83 89 6
83 91 3
83 93 10
83 99 6
84 0 4
84 1 1
84 2 10
84 3 6
84 4 5
84 8 5
84 14 3
84 17 1
84 20 5
84 24 9
84 25 4
84 30 6
84 33 2
84 36 6
84 45 8
84 46 9
84 50 2
84 52 7
84 54 10
84 56 9
84 61 8
84 62 5
84 63 8
84 67 3
84 69 3
84 70 8
84 74 10
84 79 9
84 81 8
84 85 4
84 97 4
85 3 5
85 4 10
85 7 3
85 8 5
85 17 6
85 20 7
85 23 6
85 29 3
85 30 4
85 34 6
85 35 8
85 36 10
85 38 3
85 44 5
85 46 7
85 48 5
85 49 9
85 52 7
85 54 5
85 58 9
85 62 4
85 65 8
85 68 8
85 72 10
85 75 9
85 79 6
85 83 7
85 84 6
85 86 6
85 88 8
85 96 1
85 97 8
86 2 5
86 4 8
86 7 5
86 17 8
86 19 8
86 20 9
86 21 2
86 25 3
86 27 6
86 29 9
86 36 2
86 38 10
86 41 1
86 42 2
86 50 8
86 51 9
86 54 9
86 55 3
86 56 7
86 58 3
86 60 3
86 62 7
86 66 1
86 67 5
86 73 10
86 75 7
86 76 9
86 79 6
86 81 8
86 91 9
86 92 10
86 97 8
86 99 2
87 1 7
87 2 7
87 3 3
87 5 6
87 6 4
87 8 8
87 14 6
87 19 4
87 26 5
87 27 5
87 29 3
87 35 8
87 37 2
87 40 7
87 41 10
87 48 5
87 55 2
87 62 4
87 63 6
87 64 7
87 67 1
87 68 6
87 69 10
87 71 3
87 77 9
87 80 3
87 81 7
87 84 9
87 86 10
87 88 10
87 91 9
87 94 8
87 95 6
87 96 4
87 97 6
88 6 1
88 7 1
88 10 8
88 11 9
88 14 2
88 15 1
88 23 4
88 25 2
88 30 10
88 31 1
88 38 6
88 39 5
88 44 5
88 46 3
88 48 9
88 49 9
88 52 8
88 53 5
88 54 10
88 57 7
88 62 10
88 65 2
88 68 4
88 70 10
88 71 9
88 78 2
88 82 7
88 84 3
88 86 2
88 87 6
88 88 6
88 89 6
88 93 3
88 96 7
88 98 6
89 0 1
89 2 2
89 4 2
89 5 1
89 9 10
89 12 9
89 14 1
89 19 3
89 23 4
89 28 9
89 32 10
89 34 3
89 35 5
89 36 3
89 39 8
89 42 1
89 51 1
89 55 2
89 60 4
89 67 8
89 72 10
89 75 4
89 79 2
89 80 7
89 82 10
89 84 3
89 86 7
89 87 3
89 95 1
89 99 6
90 0 6
90 2 2
90 7 4
90 16 10
90 17 3
90 20 1
90 23 10
90 25 2
90 26 9
90 28 3
90 30 1
90 31 10
90 33 8
90 35 8
90 36 2
90 43 2
90 48 5
90 49 4
90 70 1
90 71 3
90 73 3
90 83 10
90 84 10
90 87 6
90 88 4
90 89 5
90 90 8
90 96 9
90 98 8
90 99 10
91 5 6
91 8 6
91 16 8
91 17 10
91 21 5
91 24 1
91 28 5
91 29 10
91 30 9
91 33 1
91 36 5
91 41 10
91 42 5
91 44 6
91 45 2
91 49 10
91 52 4
91 54 1
91 57 5
91 58 1
91 68 8
91 70 8
91 71 4
91 74 10
91 77 10
91 90 4
91 94 10
91 95 1
92 0 9
92 1 9
92 2 7
92 3 7
92 15 10
92 23 4
92 31 10
92 33 7
92 41 2
92 43 7
92 44 8
92 48 7
92 51 10
92 52 1
92 55 10
92 57 3
92 61 8
92 63 8
92 66 5
92 68 9
92 70 8
92 72 3
92 73 3
92 81 7
92 84 9
92 85 4
92 89 6
92 96 6
92 97 10
93 9 10
93 12 2
93 15 4
93 19 2
93 20 9
93 25 5
93 31 9
93 39 9
93 41 8
93 47 6
93 54 2
93 58 3
93 59 2
93 60 9
93 61 3
93 63 4
93 65 8
93 70 2
93 71 4
93 74 8
93 82 7
93 84 10
93 85 6
93 86 5
93 87 9
93 92 2
93 96 3
93 98 5
94 1 1
94 2 10
94 6 5
94 7 1
94 8 5
94 10 1
94 12 3
94 14 7
94 28 8
94 32 7
94 37 5
94 42 1
94 44 1
94 46 6
94 49 9
94 50 3
94 52 8
94 57 2
94 58 10
94 61 3
94 63 5
94 64 6
94 70 7
94 76 5
94 78 6
94 80 6
94 82 1
94 83 3
94 90 8
94 91 1
94 93 2
94 96 4
94 97 4
94 98 5
95 1 1
95 4 1
95 6 2
95 7 4
95 12 9
95 16 1
95 17 3
95 21 9
95 25 4
95 27 2
95 30 8
95 39 5
95 42 8
95 44 7
95 47 8
95 48 10
95 49 10
95 54 1
95 63 7
95 64 8
95 74 6
95 75 6
95 85 7
95 87 2
95 88 9
95 89 4
96 1 6
96 4 9
96 7 5
96 9 9
96 11 5
96 13 2
96 17 7
96 21 3
96 29 4
96 30 9
96 31 4
96 33 6
96 34 8
96 37 4
96 47 7
96 51 10
96 54 10
96 57 10
96 65 10
96 66 1
96 67 3
96 68 7
96 71 3
96 73 5
96 74 1
96 82 1
96 85 5
96 87 6
96 92 4
96 97 1
96 99 6
97 1 6
97 5 7
97 8 8
97 9 6
97 10 7
97 11 5
97 13 6
97 15 5
97 17 9
97 20 6
97 22 1
97 23 9
97 26 10
97 28 5
97 31 5
97 33 8
97 34 3
97 35 4
97 38 6
97 39 2
97 41 10
97 42 6
97 45 1
97 47 4
97 48 8
97 50 1
97 51 8
97 54 3
97 56 10
97 57 5
97 62 3
97 64 9
97 68 1
97 70 4
97 73 4
97 85 7
97 90 5
97 91 2
97 93 5
97 94 7
97 95 5
98 0 10
98 1 9
98 4 1
98 9 7
98 11 2
98 12 6
98 14 6
98 15 7
98 19 4
98 22 4
98 25 7
98 28 2
98 40 10
98 44 10
98 45 9
98 52 6
98 56 9
98 60 6
98 61 1
98 63 1
98 64 4
98 70 8
98 74 5
98 78 8
98 79 8
98 82 7
98 87 1
98 88 2
98 90 1
98 91 1
98 96 1
99 1 3
99 4 4
99 26 7
99 28 9
99 29 3
99 30 9
99 31 3
99 35 5
99 40 8
99 45 2
99 52 6
99 54 10
99 56 4
99 62 9
99 64 10
99 66 7
99 69 8
99 70 8
99 72 10
99 73 1
99 79 10
99 80 7
99 82 3
99 83 6
99 92 4
99 97 9
99 98 9
99 99 1
