nodes 200
source 0
sink 199
arcs 3962
0 199 10
0 1 3
0 3 2
0 28 5
0 47 4
0 50 5
0 58 4
0 70 5
0 96 2
0 99 5
0 111 5
0 113 9
0 115 7
0 117 9
0 127 7
0 134 6
0 143 9
0 168 1
0 183 7
0 186 6
0 192 9
0 193 8
0 198 5
0 199 3
1 1 10
1 7 4
1 9 10
1 22 7
1 23 10
1 36 4
1 39 4
1 40 7
1 69 1
1 77 3
1 95 10
1 106 5
1 107 9
1 109 6
1 138 3
1 139 6
1 157 1
1 158 5
1 166 5
1 167 7
1 172 9
1 175 4
1 178 5
1 191 9
1 196 9
2 18 8
2 25 2
2 36 5
2 43 4
2 47 10
2 48 7
2 49 3
2 58 10
2 62 5
2 68 9
2 78 10
2 83 2
2 93 3
2 94 9
2 97 2
2 105 7
2 106 1
2 109 6
2 146 1
2 147 6
2 153 5
2 161 4
2 178 10
2 183 6
2 189 8
3 23 2
3 26 9
3 36 4
3 37 9
3 49 7
3 57 9
3 68 4
3 69 7
3 76 1
3 78 10
3 82 1
3 96 8
3 97 5
3 116 5
3 123 7
3 127 3
3 128 7
3 136 9
3 158 4
3 168 1
3 176 10
3 186 5
3 191 2
3 197 1
4 14 3
4 17 2
4 20 5
4 22 4
4 45 6
4 49 7
4 69 8
4 99 6
4 104 9
4 113 6
4 116 7
4 119 8
4 134 6
4 135 1
4 142 4
4 143 4
4 155 5
4 167 6
4 173 1
4 175 7
4 176 5
4 183 3
4 184 9
5 20 5
5 26 7
5 27 10
5 31 9
5 39 8
5 40 5
5 49 1
5 55 7
5 83 8
5 90 5
5 96 2
5 97 4
5 100 10
5 101 10
5 102 4
5 120 5
5 142 6
5 152 6
5 167 9
6 4 9
6 21 1
6 23 7
6 37 6
6 38 4
6 56 4
6 86 3
6 92 5
6 96 5
6 99 8
6 132 10
6 161 6
6 170 10
6 178 5
6 179 8
6 188 6
6 192 5
6 194 6
7 8 6
7 38 9
7 47 6
7 48 9
7 49 7
7 58 9
7 68 9
7 69 4
7 71 5
7 86 2
7 87 7
7 89 4
7 95 10
7 109 2
7 114 10
7 135 2
7 183 6
7 190 3
7 196 10
8 1 3
8 3 2
8 13 8
8 21 10
8 42 9
8 74 9
8 79 1
8 99 3
8 114 9
8 118 5
8 136 4
8 143 6
8 166 3
8 178 6
8 181 10
8 195 1
9 17 8
9 24 9
9 34 4
9 40 2
9 56 6
9 68 2
9 86 1
9 91 3
9 94 10
9 119 8
9 122 1
9 143 6
9 145 9
9 167 7
9 188 1
9 193 6
10 18 1
10 35 9
10 45 8
10 63 10
10 68 1
10 69 9
10 81 7
10 104 5
10 105 5
10 115 8
10 124 10
10 133 5
10 136 5
10 142 10
10 145 2
10 148 1
10 172 1
10 174 10
10 195 4
10 196 10
11 0 6
11 19 6
11 46 7
11 48 9
11 49 8
11 60 6
11 68 5
11 74 8
11 81 7
11 86 5
11 93 7
11 95 10
11 103 9
11 109 5
11 123 2
11 129 4
11 130 6
11 131 2
11 132 4
11 167 6
11 170 7
11 175 4
11 178 7
11 192 7
11 197 1
11 198 5
12 31 10
12 38 1
12 43 7
12 45 7
12 64 9
12 83 3
12 87 3
12 92 6
12 123 8
12 129 2
12 132 2
12 137 6
12 142 7
12 144 6
12 145 9
12 147 3
12 154 2
12 188 7
12 195 6
13 6 6
13 8 3
13 35 9
13 66 7
13 76 5
13 87 1
13 110 7
13 124 4
13 175 9
13 183 1
13 186 3
13 199 2
14 15 2
14 34 5
14 35 10
14 52 4
14 55 7
14 65 4
14 71 8
14 90 8
14 95 3
14 117 9
14 121 3
14 129 5
14 130 3
14 142 8
14 159 7
14 177 5
15 4 10
15 8 6
15 20 1
15 31 4
15 34 6
15 41 10
15 55 10
15 59 4
15 75 5
15 84 4
15 97 4
15 115 10
15 129 9
15 134 5
15 140 4
15 141 5
15 146 3
15 165 9
15 170 1
15 174 6
15 179 4
15 198 1
16 7 4
16 9 6
16 25 3
16 37 2
16 44 9
16 49 9
16 61 10
16 68 3
16 72 6
16 82 8
16 91 7
16 95 9
16 101 7
16 105 10
16 132 9
16 133 6
16 142 6
16 144 1
16 152 10
16 167 10
16 182 7
16 185 7
16 187 10
16 190 1
17 26 2
17 46 5
17 48 5
17 69 10
17 80 6
17 83 9
17 89 10
17 91 1
17 99 4
17 102 2
17 108 4
17 110 10
17 113 7
17 127 10
17 130 1
17 131 2
17 138 9
17 156 1
17 175 9
17 183 4
17 195 3
18 14 9
18 23 3
18 41 7
18 53 4
18 68 6
18 76 6
18 93 4
18 98 6
18 107 2
18 121 6
18 132 2
18 159 4
19 2 10
19 14 3
19 23 9
19 30 9
19 60 3
19 72 6
19 77 5
19 87 10
19 92 2
19 94 5
19 105 6
19 108 4
19 116 10
19 118 3
19 120 6
19 143 3
19 156 2
19 161 7
19 164 6
19 165 6
19 175 5
19 176 10
19 178 2
20 1 5
20 5 9
20 17 7
20 38 4
20 39 1
20 48 5
20 52 9
20 55 1
20 64 6
20 66 8
20 67 3
20 78 3
20 79 9
20 94 4
20 107 3
20 112 2
20 123 8
20 136 8
20 141 4
20 167 5
20 181 2
20 183 10
20 185 8
21 1 4
21 25 1
21 45 1
21 49 4
21 58 8
21 64 3
21 95 4
21 100 10
21 109 1
21 130 6
21 140 7
21 163 10
21 180 9
21 186 3
21 194 8
21 198 10
22 10 1
22 12 1
22 24 2
22 36 2
22 43 1
22 44 6
22 53 10
22 63 9
22 64 1
22 71 10
22 105 1
22 108 6
22 114 4
22 136 4
22 140 8
22 180 6
22 186 5
23 2 2
23 8 9
23 10 10
23 13 7
23 67 10
23 75 6
23 90 2
23 97 6
23 121 7
23 140 6
23 153 9
23 155 9
23 158 4
23 160 8
23 171 9
23 174 5
23 187 9
23 191 7
23 192 1
24 2 5
24 14 8
24 44 9
24 49 7
24 55 2
24 60 10
24 64 9
24 69 9
24 73 3
24 81 10
24 95 3
24 118 8
24 144 4
24 151 7
24 152 7
24 166 8
24 171 1
24 177 9
24 191 1
25 11 7
25 15 10
25 22 4
25 27 7
25 31 9
25 33 7
25 42 7
25 61 5
25 80 2
25 82 7
25 98 3
25 106 7
25 110 8
25 114 10
25 116 9
25 123 7
25 126 10
25 134 9
25 139 4
25 142 3
25 177 4
25 179 5
25 185 7
25 196 2
26 1 7
26 23 3
26 37 2
26 51 10
26 64 2
26 81 3
26 84 6
26 102 10
26 104 3
26 105 8
26 118 9
26 125 10
26 143 3
26 145 7
26 155 7
26 158 7
26 174 8
26 186 8
26 187 2
26 193 4
26 196 2
27 11 5
27 16 7
27 19 4
27 24 2
27 31 1
27 33 3
27 52 10
27 57 3
27 59 1
27 63 5
27 71 8
27 92 3
27 111 9
27 191 10
27 192 4
27 197 8
28 17 10
28 19 9
28 20 5
28 26 5
28 35 10
28 49 4
28 64 3
28 74 8
28 76 2
28 84 5
28 104 1
28 119 5
28 126 6
28 132 3
28 133 3
28 142 5
28 143 9
28 150 9
28 164 4
28 171 4
28 188 8
29 8 2
29 16 3
29 20 1
29 32 4
29 46 5
29 50 7
29 55 9
29 65 10
29 72 3
29 92 6
29 97 9
29 109 1
29 112 1
29 113 4
29 117 6
29 121 1
29 144 1
29 164 6
29 175 3
29 186 9
29 195 8
30 11 7
30 28 9
30 34 2
30 42 9
30 45 1
30 49 7
30 50 8
30 70 7
30 72 7
30 112 10
30 120 6
30 128 4
30 137 1
30 141 10
30 158 7
30 159 6
30 170 2
30 186 6
31 2 1
31 8 1
31 18 1
31 47 8
31 50 10
31 77 4
31 91 7
31 93 5
31 96 1
31 98 3
31 102 8
31 113 6
31 123 7
31 130 5
31 148 2
31 162 6
31 172 2
31 199 9
32 7 10
32 8 4
32 9 8
32 16 4
32 37 6
32 52 10
32 53 2
32 58 1
32 72 8
32 74 3
32 82 9
32 88 3
32 119 5
32 144 5
32 156 10
32 165 3
32 167 4
32 188 6
32 190 7
32 191 6
32 198 2
33 7 1
33 31 2
33 41 4
33 57 5
33 81 6
33 89 10
33 90 7
33 100 5
33 101 1
33 119 3
33 121 6
33 154 1
33 157 4
33 159 10
33 167 9
33 184 4
33 197 10
34 0 6
34 1 2
34 5 3
34 25 9
34 30 9
34 39 3
34 57 4
34 60 8
34 91 2
34 95 6
34 112 9
34 129 5
34 144 4
34 145 5
34 150 10
34 171 10
34 185 8
35 9 7
35 10 3
35 29 2
35 36 7
35 44 3
35 50 4
35 51 2
35 75 5
35 76 7
35 98 2
35 112 3
35 123 10
35 131 6
35 149 8
35 151 4
35 159 2
35 163 1
35 173 3
35 174 1
35 184 6
35 188 5
35 190 3
35 194 1
36 17 1
36 27 8
36 42 3
36 71 3
36 80 1
36 81 8
36 82 2
36 92 10
36 97 9
36 100 5
36 102 2
36 105 1
36 124 7
36 128 10
36 131 9
36 140 5
36 141 9
36 145 5
36 148 7
36 149 9
36 151 9
36 155 10
36 162 10
36 179 8
36 185 2
36 190 2
36 192 8
37 1 6
37 6 5
37 19 8
37 25 7
37 30 1
37 32 10
37 95 3
37 101 3
37 114 1
37 120 7
37 125 2
37 133 1
37 134 2
37 143 2
37 150 8
37 152 9
37 156 4
37 159 3
37 172 3
37 174 10
38 39 9
38 60 9
38 67 9
38 68 9
38 84 9
38 86 1
38 136 1
38 142 2
38 145 9
38 152 5
38 159 4
38 188 5
38 194 9
39 7 3
39 14 3
39 34 3
39 38 6
39 40 2
39 41 7
39 51 6
39 73 6
39 74 2
39 77 7
39 108 8
39 123 10
39 153 7
40 9 4
40 20 1
40 27 1
40 28 10
40 37 1
40 45 10
40 98 7
40 119 2
40 127 8
40 141 2
40 149 7
40 150 3
40 156 9
40 163 5
40 177 9
40 188 3
40 195 4
40 196 4
41 10 9
41 21 5
41 32 7
41 41 2
41 43 5
41 59 5
41 69 6
41 73 7
41 91 4
41 93 3
41 94 5
41 106 2
41 134 5
41 141 3
41 144 8
41 162 3
41 177 10
41 179 8
41 180 3
41 188 10
42 7 4
42 8 6
42 14 6
42 19 1
42 20 3
42 24 3
42 45 8
42 64 6
42 83 5
42 99 2
42 111 7
42 117 5
42 122 5
42 142 2
42 154 6
42 158 5
42 164 1
42 166 7
42 171 5
42 198 9
43 7 3
43 20 9
43 33 7
43 42 1
43 46 5
43 75 8
43 81 5
43 83 10
43 106 2
43 130 6
43 158 9
43 167 4
43 168 9
43 176 6
43 191 8
44 20 2
44 22 4
44 38 7
44 44 3
44 52 3
44 53 4
44 63 10
44 71 1
44 81 2
44 106 9
44 132 6
44 142 9
44 156 4
44 157 7
44 177 5
44 182 3
44 185 4
44 189 1
44 194 1
45 18 1
45 29 4
45 51 7
45 53 8
45 67 2
45 79 7
45 86 4
45 106 1
45 111 3
45 146 2
45 155 4
45 156 2
45 158 2
45 164 8
45 176 5
45 180 10
45 188 6
45 191 4
46 4 1
46 11 9
46 18 9
46 29 9
46 31 6
46 44 8
46 45 8
46 57 3
46 78 5
46 86 7
46 115 7
46 122 7
46 126 4
46 128 6
46 130 2
46 145 7
46 163 10
46 174 3
46 190 7
47 9 7
47 26 8
47 73 1
47 149 3
47 155 6
47 168 8
47 172 9
48 2 4
48 10 8
48 17 8
48 22 4
48 24 9
48 61 1
48 63 3
48 73 2
48 86 3
48 105 3
48 107 9
48 123 10
48 126 7
48 127 2
48 131 1
48 132 3
48 139 5
48 150 7
48 162 10
48 171 10
48 196 6
49 2 6
49 34 2
49 49 10
49 61 3
49 63 4
49 88 9
49 108 1
49 110 2
49 116 6
49 119 10
49 121 3
49 129 7
49 142 1
49 147 9
49 162 8
49 163 5
49 170 2
49 172 10
49 181 2
49 185 6
49 189 10
50 10 9
50 20 8
50 30 3
50 37 4
50 47 1
50 57 5
50 67 3
50 75 4
50 78 5
50 94 2
50 114 6
50 124 4
50 130 5
50 136 9
50 142 7
50 167 8
50 174 3
50 181 3
50 191 3
50 195 5
50 197 9
50 199 10
51 8 6
51 14 2
51 27 4
51 30 8
51 35 3
51 49 8
51 57 9
51 65 2
51 80 2
51 97 10
51 98 2
51 127 1
51 134 5
51 159 5
51 177 2
52 3 1
52 8 4
52 10 10
52 20 1
52 23 4
52 26 2
52 33 4
52 38 3
52 87 3
52 107 2
52 113 8
52 114 3
52 116 4
52 132 8
52 143 5
52 147 8
52 175 4
52 178 1
52 180 8
53 15 6
53 16 2
53 30 3
53 35 2
53 40 10
53 71 1
53 77 6
53 80 6
53 122 6
53 136 4
53 140 10
53 146 5
53 147 10
53 158 3
53 160 6
53 175 1
53 179 2
53 195 1
53 196 7
54 6 3
54 12 7
54 19 8
54 20 4
54 22 8
54 31 7
54 48 5
54 56 9
54 57 2
54 83 2
54 94 3
54 116 7
54 117 2
54 184 10
54 196 1
55 11 3
55 46 9
55 52 5
55 54 8
55 60 7
55 62 7
55 66 5
55 67 1
55 76 9
55 91 8
55 99 10
55 114 8
55 122 9
55 129 6
55 134 8
55 140 2
55 158 10
55 179 4
55 181 8
55 183 10
55 187 2
55 195 10
55 197 5
56 14 2
56 18 3
56 23 4
56 25 7
56 32 4
56 40 2
56 43 6
56 50 6
56 68 3
56 75 4
56 86 5
56 92 1
56 104 8
56 114 9
56 138 5
56 145 8
56 157 6
56 160 1
56 171 1
56 174 1
56 175 1
56 185 3
56 198 1
57 1 7
57 8 4
57 25 5
57 32 9
57 42 3
57 54 1
57 67 9
57 73 10
57 83 8
57 88 1
57 89 2
57 93 2
57 121 9
57 122 8
57 134 10
57 135 9
57 142 10
57 150 6
57 159 2
57 160 6
57 179 1
57 188 7
57 190 7
57 191 3
58 9 6
58 20 9
58 32 9
58 35 5
58 69 6
58 101 3
58 109 8
58 125 7
58 127 3
58 130 1
58 155 6
58 170 1
58 190 7
58 196 3
59 16 7
59 32 9
59 33 2
59 37 10
59 46 6
59 68 3
59 80 1
59 83 4
59 93 6
59 116 10
59 127 1
59 128 3
59 133 2
59 135 7
59 150 9
59 161 10
59 171 9
59 180 6
59 186 10
59 193 8
59 195 9
59 198 6
60 2 4
60 4 2
60 12 6
60 13 10
60 28 1
60 31 4
60 34 1
60 48 8
60 60 3
60 70 4
60 94 4
60 100 3
60 111 5
60 115 8
60 118 7
60 120 3
60 131 2
60 138 7
60 148 7
60 158 3
60 166 6
60 171 4
60 181 5
60 198 9
61 34 6
61 53 8
61 56 7
61 65 4
61 70 4
61 97 6
61 111 9
61 122 3
61 154 2
61 160 9
61 163 5
61 169 7
61 170 3
61 186 5
61 188 4
61 198 10
62 9 10
62 13 8
62 14 10
62 38 3
62 56 10
62 73 8
62 75 3
62 79 3
62 80 5
62 84 7
62 98 4
62 123 10
62 132 2
62 136 6
62 153 4
62 156 4
63 15 9
63 37 4
63 60 2
63 65 4
63 70 9
63 73 1
63 79 9
63 106 5
63 117 7
63 134 8
63 143 6
63 144 9
63 146 4
63 161 10
63 163 3
63 169 6
63 185 6
63 195 7
63 199 10
64 0 5
64 1 6
64 15 9
64 20 9
64 26 6
64 30 4
64 38 6
64 40 3
64 63 7
64 66 9
64 78 2
64 102 4
64 105 8
64 108 1
64 124 5
64 157 4
64 177 4
64 183 8
64 184 2
65 1 1
65 19 10
65 30 3
65 38 1
65 43 10
65 67 3
65 90 8
65 139 3
65 154 3
66 3 1
66 11 2
66 17 3
66 42 3
66 47 4
66 54 8
66 55 1
66 67 5
66 85 2
66 90 9
66 99 6
66 107 7
66 121 10
66 170 10
66 196 2
67 9 9
67 13 5
67 27 8
67 37 2
67 38 10
67 50 2
67 52 6
67 64 5
67 89 6
67 116 7
67 143 4
67 154 10
67 177 2
67 188 9
67 192 5
67 195 7
68 3 1
68 18 10
68 33 9
68 54 9
68 57 5
68 59 7
68 62 1
68 74 5
68 92 1
68 102 6
68 141 10
68 150 5
68 158 8
69 18 4
69 24 4
69 25 8
69 47 5
69 65 9
69 66 7
69 73 10
69 92 5
69 98 9
69 107 3
69 122 1
69 131 4
69 132 3
69 135 4
69 138 8
69 155 8
69 156 3
69 166 1
69 168 9
69 182 5
70 1 1
70 12 5
70 29 3
70 32 10
70 35 8
70 36 6
70 42 5
70 58 2
70 61 1
70 70 7
70 78 10
70 93 9
70 99 2
70 106 1
70 110 6
70 113 9
70 134 10
70 135 5
70 136 9
70 152 7
70 178 9
71 16 5
71 46 4
71 50 5
71 54 6
71 65 7
71 87 4
71 94 1
71 104 8
71 118 8
71 120 10
71 133 2
71 137 4
71 138 7
71 149 9
71 177 8
71 186 3
72 11 8
72 17 2
72 29 1
72 41 6
72 54 6
72 83 8
72 85 4
72 90 5
72 109 10
72 114 10
72 135 4
72 166 9
72 178 7
73 4 2
73 10 3
73 11 1
73 26 1
73 30 6
73 31 10
73 46 2
73 50 2
73 51 7
73 64 6
73 78 2
73 95 5
73 99 2
73 103 2
73 114 9
73 117 6
73 120 2
73 123 8
73 126 2
73 130 5
73 142 3
73 161 5
73 192 3
73 193 10
73 194 10
73 196 6
74 2 2
74 3 8
74 14 4
74 18 10
74 23 2
74 48 5
74 49 3
74 50 7
74 52 4
74 75 3
74 83 10
74 109 8
74 140 8
74 143 2
74 153 4
74 154 9
74 163 5
74 171 6
74 177 2
74 178 6
74 181 2
74 184 5
74 191 4
75 0 7
75 5 2
75 7 8
75 30 4
75 34 2
75 49 3
75 59 8
75 87 9
75 113 1
75 120 9
75 122 2
75 144 3
75 172 4
75 181 1
75 185 3
75 196 3
76 0 2
76 4 3
76 22 7
76 34 5
76 41 1
76 45 8
76 46 9
76 47 2
76 66 9
76 98 2
76 99 8
76 101 2
76 108 8
76 122 3
76 131 7
76 134 7
76 140 8
76 141 10
76 161 6
76 176 6
76 195 6
76 197 4
77 1 4
77 25 5
77 38 8
77 40 9
77 49 10
77 51 2
77 58 9
77 66 2
77 76 6
77 77 1
77 79 9
77 86 9
77 88 6
77 92 6
77 109 10
77 112 7
77 130 5
77 156 2
77 175 5
77 188 3
77 195 8
77 196 4
78 1 9
78 2 7
78 12 4
78 21 2
78 22 5
78 26 1
78 53 6
78 56 4
78 64 2
78 66 2
78 92 10
78 97 4
78 103 7
78 106 2
78 109 10
78 112 3
78 113 9
78 138 6
78 158 5
78 161 10
78 177 2
78 178 5
78 194 10
79 15 8
79 19 2
79 23 6
79 33 7
79 65 2
79 67 1
79 84 2
79 99 5
79 126 10
79 130 8
79 140 8
79 166 5
79 170 4
80 10 6
80 13 2
80 18 10
80 19 3
80 30 5
80 42 8
80 75 4
80 79 1
80 102 5
80 106 2
80 108 3
80 109 2
80 118 1
80 119 4
80 126 10
80 131 8
80 157 1
80 183 7
81 40 9
81 68 1
81 71 8
81 98 6
81 102 1
81 108 2
81 115 3
81 142 3
81 143 8
81 164 5
81 189 10
81 197 2
82 4 3
82 13 5
82 16 10
82 21 1
82 29 1
82 31 9
82 38 9
82 42 6
82 48 6
82 53 8
82 68 3
82 72 9
82 74 9
82 81 8
82 82 7
82 84 9
82 119 2
82 121 9
82 162 2
82 165 6
82 178 3
82 195 10
83 0 5
83 3 8
83 5 10
83 23 6
83 24 7
83 25 2
83 40 6
83 92 2
83 109 4
83 111 3
83 132 7
83 133 10
83 134 2
83 149 1
84 1 10
84 3 8
84 4 7
84 38 2
84 44 10
84 47 1
84 66 9
84 70 10
84 107 4
84 114 1
84 126 6
84 129 1
84 149 4
84 151 3
84 154 5
84 163 3
84 183 4
84 191 8
85 6 5
85 16 4
85 37 4
85 48 7
85 66 10
85 82 5
85 91 9
85 95 4
85 103 3
85 110 5
85 115 7
85 117 2
85 146 5
85 160 1
85 180 1
85 196 1
85 197 4
86 3 8
86 9 4
86 15 1
86 20 6
86 23 7
86 36 1
86 38 5
86 60 4
86 83 9
86 84 9
86 97 6
86 101 1
86 109 4
86 112 4
86 116 8
86 135 9
86 139 4
86 147 6
86 163 8
86 165 1
86 166 1
86 169 10
86 179 1
87 10 2
87 24 8
87 32 7
87 47 10
87 49 2
87 61 7
87 62 2
87 71 8
87 74 1
87 76 10
87 80 9
87 81 5
87 94 8
87 96 1
87 106 2
87 107 7
87 108 4
87 109 9
87 113 1
87 117 3
87 127 9
87 132 10
87 139 2
87 175 4
87 179 3
87 189 6
87 195 8
88 7 2
88 8 6
88 10 4
88 31 8
88 37 8
88 42 4
88 48 2
88 50 3
88 94 3
88 111 7
88 112 4
88 118 9
88 126 6
88 132 5
88 134 8
88 139 10
88 159 3
88 162 8
88 166 2
88 181 5
88 189 7
88 199 4
89 11 2
89 28 1
89 65 9
89 72 3
89 74 6
89 75 10
89 76 9
89 86 4
89 95 7
89 103 6
89 125 6
89 128 6
89 166 6
89 177 4
89 186 4
89 194 8
89 195 8
89 198 5
90 13 5
90 17 9
90 25 5
90 30 5
90 51 5
90 53 8
90 71 7
90 91 2
90 101 3
90 110 6
90 128 4
90 130 1
90 137 8
90 149 10
90 155 6
90 168 8
90 175 4
90 179 9
90 184 1
90 188 2
90 199 7
91 21 10
91 24 4
91 90 9
91 102 5
91 121 1
91 141 10
91 146 5
91 150 7
91 158 7
91 179 5
91 183 9
91 188 6
91 199 7
92 1 8
92 8 7
92 9 9
92 13 1
92 25 4
92 30 4
92 53 1
92 80 5
92 117 9
92 123 8
92 141 6
92 149 4
92 157 9
92 166 1
92 167 1
92 175 7
92 185 2
92 187 3
93 18 3
93 28 7
93 32 10
93 33 1
93 36 8
93 37 2
93 45 7
93 69 10
93 87 4
93 99 8
93 103 1
93 106 9
93 120 7
93 140 7
93 149 6
93 153 9
93 155 3
93 180 1
94 10 5
94 47 9
94 53 2
94 62 4
94 68 3
94 73 4
94 82 10
94 92 1
94 102 5
94 112 1
94 160 10
94 161 10
94 185 3
95 0 6
95 11 2
95 17 5
95 34 4
95 37 9
95 39 9
95 40 3
95 46 6
95 50 5
95 53 6
95 58 1
95 62 3
95 68 5
95 72 2
95 76 8
95 88 5
95 100 3
95 101 10
95 110 7
95 116 4
95 134 3
95 139 7
95 145 3
95 173 2
95 198 3
95 199 6
96 1 2
96 3 7
96 13 10
96 25 8
96 33 10
96 45 2
96 64 4
96 72 6
96 81 3
96 83 2
96 97 6
96 109 2
96 116 1
96 117 4
96 124 10
96 126 8
96 137 1
96 143 6
96 157 10
96 180 4
96 181 8
97 21 7
97 30 1
97 33 8
97 43 7
97 61 9
97 62 1
97 76 1
97 89 6
97 102 8
97 106 10
97 114 10
97 124 1
97 134 4
97 136 8
97 142 4
97 159 5
97 174 8
97 175 1
98 1 5
98 7 8
98 9 2
98 18 6
98 24 6
98 26 8
98 41 8
98 44 3
98 50 10
98 59 6
98 79 6
98 105 8
98 107 2
98 114 9
98 122 8
98 124 10
98 140 3
98 142 5
98 143 8
98 145 3
98 164 2
98 170 4
98 171 2
98 172 2
98 179 7
99 1 5
99 4 6
99 17 10
99 18 5
99 25 9
99 27 9
99 37 6
99 48 1
99 63 6
99 65 8
99 81 5
99 87 7
99 101 10
99 113 8
99 120 4
99 122 5
99 132 6
99 135 4
99 141 6
99 143 4
99 157 6
99 160 5
99 164 2
99 182 6
99 188 9
99 189 8
99 192 2
99 198 10
100 11 4
100 32 8
100 33 1
100 34 10
100 38 10
100 42 2
100 47 4
100 64 9
100 69 2
100 84 6
100 94 1
100 101 3
100 107 8
100 112 10
100 119 4
100 121 7
100 130 2
100 142 8
100 158 5
100 162 1
100 169 4
101 29 10
101 31 9
101 44 10
101 53 9
101 61 7
101 74 2
101 80 1
101 85 1
101 87 2
101 109 3
101 113 6
101 116 2
101 118 8
101 123 6
101 125 2
101 127 6
101 138 3
101 152 8
101 154 7
101 169 2
101 172 6
101 183 10
101 188 6
101 191 9
102 3 4
102 8 4
102 21 6
102 50 3
102 51 10
102 59 5
102 65 8
102 67 9
102 77 8
102 83 9
102 99 1
102 110 1
102 114 2
102 116 5
102 127 2
102 132 6
102 144 2
102 149 9
102 153 6
102 154 3
102 166 5
102 169 6
102 178 3
102 184 9
102 194 6
103 1 6
103 27 9
103 30 9
103 51 8
103 69 7
103 78 4
103 84 5
103 87 7
103 98 4
103 100 10
103 106 5
103 134 5
103 139 3
103 140 10
103 149 7
103 163 3
103 193 6
103 196 10
104 23 9
104 77 6
104 81 8
104 83 6
104 91 4
104 93 5
104 111 10
104 128 9
104 183 7
104 193 5
105 5 9
105 9 5
105 18 7
105 25 10
105 34 1
105 38 4
105 42 4
105 48 10
105 69 6
105 92 9
105 104 7
105 132 4
105 144 6
105 149 10
105 154 4
105 155 2
105 165 4
105 183 6
105 187 5
105 189 4
105 191 1
106 5 4
106 12 7
106 28 10
106 35 9
106 39 6
106 49 4
106 58 2
106 70 1
106 82 6
106 85 8
106 117 9
106 125 10
106 127 5
106 152 8
106 155 6
106 174 3
106 179 9
106 198 3
107 17 8
107 19 9
107 20 2
107 23 8
107 25 3
107 54 2
107 67 10
107 73 2
107 77 2
107 117 5
107 131 8
107 149 4
107 163 4
107 164 7
107 179 4
107 190 5
107 192 8
108 6 10
108 10 9
108 18 9
108 22 2
108 27 7
108 101 7
108 128 6
108 133 4
108 145 3
108 146 4
108 172 7
108 185 10
108 189 2
108 194 1
108 196 7
109 13 10
109 33 7
109 40 10
109 46 5
109 49 8
109 55 10
109 60 6
109 90 7
109 111 10
109 124 5
109 126 1
109 129 6
109 141 3
109 147 6
109 151 2
109 156 7
109 167 10
109 170 8
109 197 7
110 1 6
110 14 1
110 41 1
110 46 7
110 49 5
110 86 3
110 109 5
110 112 4
110 113 6
110 125 4
110 131 3
110 157 2
110 186 9
110 196 1
111 3 7
111 9 1
111 12 8
111 15 10
111 19 4
111 24 2
111 25 10
111 38 10
111 41 3
111 53 6
111 60 5
111 75 1
111 87 5
111 90 10
111 96 7
111 104 3
111 128 3
111 134 10
111 143 7
111 152 6
111 162 9
111 174 2
111 177 2
111 188 4
111 190 5
111 197 10
112 38 5
112 45 2
112 63 5
112 78 3
112 82 1
112 86 1
112 87 8
112 92 5
112 100 4
112 111 3
112 123 9
112 126 6
112 128 6
112 131 10
112 172 8
112 192 10
112 194 7
112 195 9
113 22 3
113 25 9
113 38 5
113 49 1
113 58 5
113 80 9
113 82 2
113 95 6
113 96 6
113 107 7
113 116 2
113 126 2
113 141 8
113 144 9
113 148 4
113 152 1
113 160 7
113 173 9
113 176 10
114 3 7
114 7 6
114 14 7
114 22 10
114 24 7
114 39 9
114 42 7
114 56 7
114 59 3
114 72 10
114 102 5
114 104 1
114 107 3
114 108 2
114 115 4
114 122 4
114 125 2
114 130 8
114 133 5
114 149 8
114 161 10
114 165 6
114 196 10
115 18 10
115 29 7
115 30 2
115 35 7
115 55 3
115 62 5
115 63 1
115 68 6
115 75 4
115 88 10
115 102 2
115 111 5
115 118 4
115 124 8
115 129 7
115 152 5
115 156 5
115 158 3
115 171 3
115 192 5
115 199 5
116 18 10
116 19 6
116 28 2
116 37 9
116 42 5
116 56 3
116 57 1
116 61 9
116 64 1
116 67 4
116 72 8
116 82 5
116 84 2
116 99 8
116 107 5
116 129 8
116 133 6
116 140 9
116 156 10
116 157 10
116 161 3
116 168 5
116 173 5
116 174 9
116 175 1
116 176 6
116 180 7
116 189 4
116 193 5
116 198 9
117 9 6
117 14 5
117 31 2
117 32 2
117 53 5
117 71 4
117 96 3
117 104 8
117 125 5
117 126 6
117 132 9
117 140 9
117 144 3
117 153 5
117 161 10
117 162 8
118 39 2
118 49 2
118 74 6
118 111 7
118 121 4
118 127 5
118 133 10
118 148 7
118 170 4
119 16 9
119 87 7
119 100 6
119 111 2
119 126 9
119 151 5
119 152 1
119 156 7
119 157 2
119 159 10
119 165 2
119 181 6
120 12 6
120 16 9
120 22 6
120 26 10
120 27 6
120 33 3
120 45 6
120 65 5
120 67 6
120 77 4
120 84 1
120 99 1
120 102 1
120 103 4
120 106 7
120 107 6
120 115 7
120 123 2
120 124 7
120 130 7
120 146 5
120 148 2
120 150 5
120 164 7
120 175 9
120 177 5
121 2 1
121 9 10
121 36 7
121 37 3
121 38 8
121 52 5
121 63 1
121 80 3
121 96 1
121 98 1
121 103 1
121 105 7
121 116 6
121 123 7
121 130 7
121 136 10
121 148 10
121 154 10
121 155 4
121 161 3
121 167 5
121 177 8
121 185 10
121 195 2
122 8 1
122 18 5
122 31 2
122 32 1
122 37 3
122 49 9
122 53 4
122 54 4
122 61 8
122 62 8
122 75 4
122 77 4
122 85 3
122 95 10
122 96 4
122 106 5
122 119 6
122 121 10
122 123 2
122 137 10
122 160 1
122 171 6
122 178 1
122 181 6
122 183 2
122 193 7
122 198 4
123 4 10
123 12 8
123 15 1
123 39 8
123 46 4
123 68 7
123 70 4
123 72 1
123 79 2
123 88 8
123 93 4
123 99 1
123 107 1
123 111 2
123 112 10
123 113 9
123 131 2
123 152 4
123 173 9
123 195 10
123 197 5
124 3 10
124 5 3
124 11 4
124 21 6
124 25 2
124 28 6
124 35 10
124 71 4
124 76 8
124 87 2
124 98 8
124 119 10
124 123 6
124 156 7
124 165 6
124 168 8
124 198 2
125 12 5
125 27 4
125 31 2
125 41 10
125 47 10
125 48 7
125 60 5
125 61 7
125 62 4
125 97 1
125 100 6
125 115 5
125 122 5
125 130 7
125 131 3
125 138 6
125 141 8
125 157 10
125 175 10
125 179 7
126 4 5
126 8 6
126 11 1
126 27 5
126 55 2
126 57 1
126 60 5
126 63 5
126 69 9
126 72 4
126 75 5
126 96 4
126 102 7
126 128 8
126 145 10
126 152 3
126 161 10
126 182 6
126 192 7
126 199 7
127 3 2
127 5 4
127 6 7
127 21 2
127 40 10
127 57 9
127 61 10
127 67 4
127 78 4
127 93 6
127 98 9
127 110 4
127 119 8
127 123 8
127 131 8
127 139 9
127 186 3
127 195 5
128 2 10
128 21 10
128 22 6
128 28 1
128 75 5
128 87 4
128 88 3
128 100 3
128 107 1
128 116 2
128 118 10
128 120 10
128 128 3
128 139 3
128 153 5
128 156 2
128 162 4
128 164 4
128 173 4
128 177 1
128 189 2
129 11 9
129 32 10
129 33 2
129 35 5
129 50 9
129 60 3
129 75 1
129 89 8
129 110 8
129 113 6
129 122 4
129 148 9
129 152 3
129 174 3
130 31 1
130 38 10
130 46 6
130 72 8
130 78 5
130 86 5
130 93 9
130 100 10
130 102 9
130 123 6
130 142 1
130 160 5
130 172 2
130 178 2
130 197 2
131 17 4
131 43 8
131 44 5
131 56 8
131 65 8
131 101 6
131 104 2
131 109 7
131 118 2
131 120 5
131 123 5
131 127 4
131 128 3
131 134 2
131 139 8
131 143 8
131 145 7
131 150 6
131 156 4
131 162 2
131 163 5
131 167 5
131 171 4
131 174 8
131 181 3
131 188 2
132 23 9
132 26 2
132 32 9
132 43 3
132 44 2
132 67 9
132 79 8
132 81 5
132 86 2
132 95 7
132 100 4
132 104 6
132 131 7
132 141 3
132 144 1
132 166 1
132 175 8
132 181 3
132 184 5
132 185 1
132 189 9
132 196 6
133 19 1
133 28 6
133 29 7
133 45 5
133 48 3
133 49 7
133 54 3
133 68 10
133 80 9
133 81 6
133 95 1
133 113 5
133 158 5
133 159 9
133 165 9
133 173 8
133 190 2
133 192 8
133 194 4
134 4 3
134 32 9
134 36 9
134 54 8
134 74 1
134 93 9
134 95 7
134 109 3
134 121 7
134 146 7
134 162 2
134 167 6
134 168 9
134 169 3
134 196 9
135 3 1
135 6 7
135 7 10
135 22 5
135 27 6
135 34 7
135 35 10
135 41 9
135 46 10
135 80 2
135 113 5
135 118 4
135 131 1
135 132 10
135 137 8
135 141 9
135 147 8
135 152 10
135 153 6
135 174 6
135 181 8
135 183 3
136 7 9
136 17 1
136 44 7
136 55 8
136 61 5
136 62 1
136 90 8
136 97 3
136 115 8
136 116 2
136 126 3
136 150 5
136 154 5
136 156 6
136 160 4
136 172 5
136 174 1
136 175 3
136 184 6
137 29 5
137 36 2
137 37 1
137 61 4
137 80 7
137 81 10
137 123 8
137 124 8
137 131 9
137 135 2
137 143 10
137 171 1
137 178 7
137 182 6
137 183 6
137 188 3
137 194 10
137 196 2
138 2 6
138 5 5
138 13 10
138 27 1
138 58 7
138 62 5
138 71 3
138 74 8
138 75 9
138 84 7
138 87 10
138 102 5
138 116 3
138 123 5
138 134 3
138 138 5
138 163 1
138 164 2
138 177 8
138 189 4
138 190 5
138 194 8
139 24 7
139 44 9
139 46 7
139 49 7
139 70 9
139 85 5
139 133 1
139 150 4
139 152 10
139 154 2
139 169 1
139 181 4
139 185 4
139 190 3
140 10 2
140 29 1
140 42 5
140 56 1
140 62 6
140 72 1
140 91 8
140 94 5
140 115 1
140 132 3
140 138 5
140 159 2
140 162 5
140 163 5
140 164 8
140 187 4
141 0 6
141 53 7
141 54 9
141 60 7
141 71 5
141 73 6
141 80 5
141 107 6
141 108 7
141 113 6
141 122 10
141 128 2
141 130 3
141 136 6
141 143 6
141 145 1
141 147 10
141 171 7
141 176 8
141 180 10
141 184 8
141 194 4
141 196 7
142 5 10
142 6 9
142 18 3
142 21 4
142 30 10
142 36 1
142 42 7
142 46 9
142 53 2
142 54 4
142 62 5
142 85 10
142 90 10
142 113 1
142 124 5
142 135 7
142 139 4
142 143 7
142 164 9
142 167 8
142 170 6
142 171 8
142 181 2
142 186 7
142 193 8
143 0 10
143 14 8
143 35 10
143 40 7
143 59 10
143 63 9
143 67 1
143 72 10
143 105 1
143 125 6
143 159 4
143 165 2
143 169 9
143 177 7
143 197 10
143 199 7
144 0 9
144 30 9
144 32 7
144 37 3
144 52 5
144 68 2
144 81 2
144 91 8
144 92 2
144 94 2
144 102 4
144 108 2
144 109 9
144 110 6
144 130 4
144 140 10
144 151 3
144 171 8
144 172 6
144 181 1
144 183 2
144 186 1
144 188 5
144 197 7
145 3 8
145 4 5
145 41 2
145 62 3
145 76 9
145 94 6
145 101 3
145 110 5
145 115 5
145 116 7
145 142 4
145 159 9
145 169 9
145 170 6
145 174 9
145 186 2
145 193 10
145 194 6
146 2 7
146 6 5
146 29 9
146 54 10
146 58 6
146 60 4
146 70 4
146 79 1
146 80 9
146 86 9
146 99 6
146 116 9
146 117 6
146 137 5
146 143 2
146 164 4
146 176 6
146 180 3
146 199 9
147 10 4
147 12 3
147 15 2
147 21 5
147 54 5
147 58 4
147 60 9
147 62 4
147 73 3
147 78 6
147 79 7
147 86 10
147 95 9
147 98 9
147 99 7
147 104 3
147 107 8
147 134 5
147 148 6
147 163 5
147 165 5
147 169 4
147 170 10
147 174 10
147 187 8
147 196 9
147 198 1
148 13 4
148 16 7
148 23 6
148 38 4
148 50 6
148 70 10
148 71 10
148 81 6
148 85 6
148 87 5
148 97 10
148 103 4
148 106 6
148 113 5
148 114 3
148 129 6
148 130 2
148 147 7
148 183 6
148 187 1
148 195 1
149 10 3
149 18 10
149 23 7
149 38 8
149 49 4
149 58 2
149 62 3
149 67 5
149 70 3
149 72 9
149 85 6
149 98 9
149 107 2
149 108 9
149 109 6
149 110 1
149 132 2
149 156 9
149 163 9
149 186 1
149 190 8
149 194 4
149 199 2
150 4 3
150 19 4
150 21 9
150 22 5
150 24 6
150 31 5
150 34 4
150 39 8
150 44 10
150 46 7
150 60 3
150 71 4
150 93 5
150 116 8
150 119 1
150 125 8
150 132 5
150 142 6
150 152 8
150 156 6
150 161 1
150 166 3
150 178 5
150 179 1
150 191 7
150 197 2
151 84 3
151 96 1
151 111 3
151 115 8
151 117 3
151 125 1
151 136 5
151 151 6
151 156 3
151 163 7
151 169 9
151 170 1
151 172 9
151 173 4
151 182 1
151 188 1
151 197 1
152 1 6
152 5 2
152 7 1
152 23 7
152 32 5
152 33 5
152 35 5
152 36 9
152 37 6
152 75 4
152 82 6
152 85 8
152 102 6
152 110 7
152 113 8
152 114 9
152 137 8
152 145 5
152 146 1
152 147 10
152 153 8
152 155 7
152 164 6
152 167 9
152 174 5
153 9 8
153 11 5
153 21 5
153 23 4
153 25 7
153 39 4
153 58 6
153 62 4
153 64 10
153 86 2
153 94 4
153 98 10
153 99 4
153 108 8
153 110 7
153 120 1
153 122 7
153 171 9
153 176 10
153 183 3
153 187 2
153 188 1
153 193 5
154 6 5
154 11 8
154 13 5
154 14 5
154 16 5
154 19 1
154 22 9
154 23 8
154 27 10
154 29 4
154 35 9
154 39 9
154 43 3
154 45 7
154 66 6
154 68 3
154 75 5
154 87 5
154 88 7
154 97 10
154 107 4
154 118 8
154 132 6
154 135 8
154 147 10
154 186 2
154 188 2
154 198 7
155 2 3
155 10 3
155 12 8
155 14 8
155 15 5
155 25 8
155 34 7
155 39 6
155 80 5
155 90 1
155 94 7
155 96 7
155 103 2
155 115 6
155 127 1
155 138 1
155 145 1
155 157 8
155 159 6
155 161 5
155 162 6
155 166 5
155 182 10
155 188 10
155 189 6
155 192 7
155 199 6
156 1 10
156 13 7
156 32 8
156 39 3
156 44 5
156 51 9
156 59 1
156 63 5
156 77 6
156 92 9
156 102 8
156 104 4
156 108 5
156 120 5
156 128 9
156 152 6
156 171 9
156 176 3
156 179 2
156 194 1
157 8 5
157 16 6
157 35 8
157 36 5
157 40 4
157 44 4
157 51 2
157 118 4
157 125 9
157 128 3
157 156 8
157 172 9
157 175 9
157 183 9
157 184 2
157 192 9
158 7 3
158 11 4
158 23 5
158 42 2
158 59 4
158 71 3
158 76 2
158 81 6
158 84 7
158 87 6
158 103 7
158 104 4
158 105 9
158 109 4
158 110 8
158 116 10
158 122 5
158 123 1
158 127 9
158 130 1
158 132 4
158 139 8
158 142 10
158 159 7
158 178 8
158 179 10
158 180 2
158 187 8
159 14 4
159 17 5
159 28 6
159 41 7
159 71 8
159 80 6
159 87 6
159 113 7
159 121 4
159 133 6
159 136 10
159 145 5
159 161 10
159 188 3
159 195 10
160 19 3
160 35 3
160 47 10
160 50 6
160 51 3
160 55 5
160 59 8
160 68 3
160 72 2
160 76 2
160 103 6
160 105 1
160 112 7
160 116 3
160 119 2
160 121 9
160 140 9
160 149 5
160 154 5
160 159 5
160 162 5
160 165 6
160 167 10
160 183 1
160 184 4
161 11 3
161 63 8
161 76 9
161 81 3
161 90 7
161 108 4
161 109 4
161 113 7
161 124 2
161 127 4
161 136 10
161 138 10
161 148 2
161 156 7
161 163 9
161 164 5
161 165 4
161 166 2
161 171 2
161 175 3
161 180 8
161 182 2
161 188 1
161 191 2
161 197 3
162 25 7
162 47 8
162 53 2
162 69 8
162 76 8
162 84 2
162 89 6
162 96 9
162 101 3
162 106 3
162 121 7
162 151 1
162 179 3
162 189 6
162 197 3
163 6 7
163 10 8
163 16 2
163 32 9
163 35 4
163 39 4
163 60 8
163 66 5
163 92 1
163 94 4
163 108 4
163 113 9
163 132 8
163 141 4
163 162 9
163 175 6
163 182 3
163 186 2
163 196 4
164 17 10
164 28 10
164 54 9
164 66 8
164 78 8
164 100 9
164 108 7
164 118 4
164 128 4
164 132 4
164 136 2
164 138 6
164 145 7
164 148 4
164 166 8
164 181 3
164 189 6
165 25 5
165 28 2
165 32 4
165 39 5
165 41 7
165 49 2
165 60 5
165 73 1
165 84 10
165 89 5
165 101 8
165 117 7
165 119 10
165 125 10
165 131 6
165 135 8
165 147 1
165 148 2
165 150 6
165 175 6
165 190 6
165 196 3
166 3 3
166 24 2
166 30 9
166 31 8
166 41 7
166 42 7
166 47 1
166 49 1
166 50 7
166 71 3
166 80 2
166 96 2
166 101 8
166 110 3
166 120 7
166 122 7
166 141 6
166 150 5
166 156 5
166 158 5
166 179 2
166 186 10
166 196 10
167 4 4
167 6 7
167 29 3
167 30 6
167 36 4
167 44 4
167 46 10
167 60 9
167 74 9
167 102 7
167 106 1
167 108 5
167 111 10
167 137 3
167 141 7
167 148 2
167 154 10
167 155 5
167 170 7
167 190 2
167 195 4
168 0 9
168 7 2
168 15 2
168 30 6
168 39 7
168 47 9
168 48 10
168 54 5
168 88 10
168 92 7
168 99 5
168 130 10
168 139 10
168 175 9
168 185 2
168 192 7
168 193 8
169 9 1
169 15 3
169 43 6
169 54 5
169 61 7
169 72 10
169 74 8
169 75 5
169 89 3
169 107 9
169 111 6
169 153 8
169 161 6
169 170 7
169 178 9
169 188 7
170 1 5
170 14 10
170 21 5
170 29 6
170 34 5
170 53 4
170 55 2
170 63 6
170 84 8
170 97 6
170 124 4
170 127 1
170 152 4
170 157 7
170 163 9
170 165 8
170 166 4
170 171 7
170 177 2
170 182 10
170 188 7
170 189 3
170 190 3
170 199 7
171 10 2
171 18 8
171 30 3
171 39 2
171 43 2
171 58 9
171 63 8
171 73 2
171 87 5
171 89 1
171 105 10
171 117 8
171 121 5
171 147 2
171 157 8
171 172 4
171 175 6
171 178 10
171 184 8
171 187 4
172 2 10
172 19 6
172 40 8
172 44 4
172 45 9
172 58 5
172 61 9
172 65 10
172 71 9
172 88 4
172 90 2
172 100 5
172 109 3
172 121 7
172 124 6
172 129 2
172 132 2
172 151 3
172 155 9
172 156 9
172 160 10
172 193 2
173 4 3
173 5 10
173 7 2
173 40 4
173 43 6
173 55 3
173 59 7
173 61 8
173 94 2
173 96 5
173 111 10
173 144 2
173 146 3
173 175 3
173 178 5
173 180 10
173 190 10
173 192 5
173 195 4
174 3 1
174 4 3
174 7 5
174 22 3
174 24 7
174 32 9
174 38 3
174 54 10
174 55 10
174 65 1
174 70 2
174 110 7
174 116 3
174 119 10
174 129 9
174 148 4
174 150 4
174 151 5
174 156 3
174 157 9
174 170 4
174 181 6
174 186 4
174 191 9
174 199 8
175 4 4
175 7 3
175 10 6
175 15 5
175 18 2
175 33 5
175 45 3
175 48 2
175 49 7
175 54 10
175 59 4
175 81 2
175 86 9
175 109 10
175 120 10
175 127 10
175 129 3
175 137 9
175 143 2
175 147 8
175 148 8
175 152 1
175 156 1
175 159 7
175 163 8
175 174 2
175 181 5
175 198 2
176 2 1
176 23 2
176 41 3
176 58 4
176 69 8
176 71 1
176 77 10
176 79 9
176 87 1
176 99 5
176 106 2
176 131 10
176 132 2
176 139 9
176 158 5
176 164 1
176 168 9
176 198 3
177 0 4
177 18 7
177 24 7
177 25 9
177 41 8
177 57 5
177 68 9
177 70 7
177 75 6
177 109 3
177 146 2
177 157 1
177 165 8
177 166 5
177 180 5
177 183 3
177 185 1
178 1 5
178 2 6
178 11 8
178 13 3
178 17 4
178 30 5
178 44 1
178 48 5
178 50 6
178 58 6
178 72 3
178 82 3
178 93 10
178 97 8
178 99 9
178 100 7
178 120 10
178 126 7
178 142 8
178 154 2
178 168 3
178 182 9
178 183 3
178 197 5
179 6 4
179 21 2
179 28 6
179 38 4
179 56 4
179 64 1
179 81 7
179 89 6
179 103 1
179 113 3
179 123 10
179 159 3
179 175 4
179 179 3
179 186 1
179 189 3
180 5 6
180 19 2
180 42 5
180 45 2
180 74 5
180 81 5
180 93 7
180 95 8
180 98 1
180 102 10
180 103 5
180 106 2
180 111 8
180 123 10
180 125 1
180 132 2
180 145 4
180 156 10
180 166 1
180 181 8
180 186 1
180 199 1
181 27 1
181 29 7
181 42 10
181 44 7
181 57 6
181 100 2
181 107 8
181 115 3
182 11 8
182 15 2
182 54 2
182 61 10
182 65 10
182 75 9
182 87 1
182 93 5
182 106 8
182 113 5
182 134 7
182 135 8
182 154 9
182 157 10
182 165 4
182 187 8
183 6 7
183 7 4
183 12 6
183 23 2
183 24 2
183 26 10
183 34 3
183 40 6
183 45 9
183 50 6
183 52 3
183 56 2
183 57 2
183 65 8
183 78 6
183 147 10
183 162 3
183 179 5
183 184 5
183 191 5
184 10 6
184 15 3
184 23 4
184 27 10
184 32 5
184 44 3
184 48 5
184 65 10
184 67 2
184 71 2
184 74 1
184 82 2
184 110 4
184 113 4
184 122 9
184 132 10
184 146 9
184 157 7
184 167 6
184 174 3
184 175 5
185 13 7
185 16 4
185 22 4
185 23 4
185 34 6
185 37 9
185 39 4
185 43 4
185 75 10
185 80 7
185 82 10
185 88 5
185 128 8
185 140 5
185 147 1
185 150 4
185 156 1
185 158 3
185 171 9
185 180 7
186 7 6
186 12 8
186 31 2
186 34 9
186 60 2
186 70 7
186 75 1
186 80 1
186 88 5
186 89 7
186 100 10
186 104 5
186 121 6
186 130 9
186 143 5
186 144 8
186 161 7
186 171 5
186 180 10
186 191 9
186 193 7
187 14 7
187 24 6
187 29 9
187 30 10
187 33 3
187 58 3
187 81 1
187 82 6
187 104 10
187 129 10
187 136 6
187 140 6
187 156 3
187 161 9
187 163 10
187 172 4
187 174 7
188 7 8
188 11 5
188 16 8
188 18 6
188 31 9
188 36 3
188 55 2
188 57 1
188 75 4
188 80 2
188 81 6
188 88 3
188 90 7
188 100 10
188 103 2
188 107 5
188 114 2
188 122 4
188 123 6
188 144 2
188 151 9
188 172 9
188 193 8
188 197 4
189 2 1
189 12 7
189 15 8
189 33 10
189 36 9
189 38 10
189 42 4
189 50 1
189 63 10
189 72 9
189 125 9
189 126 3
189 147 10
189 161 1
189 165 10
189 183 8
189 184 9
189 188 3
190 5 3
190 10 4
190 32 4
190 51 1
190 57 5
190 58 10
190 63 1
190 67 3
190 73 2
190 74 9
190 80 9
190 82 6
190 85 4
190 104 5
190 105 9
190 109 3
190 114 4
190 120 8
190 130 3
190 134 8
190 137 3
190 148 10
190 154 6
190 155 3
190 156 7
190 169 3
191 5 1
191 6 1
191 11 6
191 25 8
191 39 1
191 41 4
191 59 8
191 60 6
191 84 3
191 86 5
191 90 2
191 91 4
191 96 8
191 108 7
191 113 6
191 130 9
191 137 1
191 142 10
191 154 8
191 167 10
191 177 2
191 198 4
192 7 5
192 11 5
192 19 2
192 30 5
192 31 8
192 34 1
192 37 8
192 54 8
192 59 8
192 67 4
192 69 2
192 74 3
192 92 2
192 99 9
192 102 8
192 134 3
192 135 8
192 162 10
192 167 2
192 176 9
192 186 4
192 188 1
193 24 2
193 37 7
193 43 8
193 46 2
193 49 7
193 73 3
193 74 8
193 84 4
193 88 5
193 92 1
193 99 3
193 106 8
193 114 5
193 115 9
193 116 3
193 121 5
193 122 2
193 124 5
193 130 3
193 133 2
193 134 8
193 152 4
193 157 4
193 161 4
193 168 2
193 175 4
193 181 5
193 197 2
194 1 5
194 5 10
194 7 10
194 20 5
194 36 7
194 44 4
194 58 4
194 67 6
194 68 10
194 70 5
194 71 3
194 81 2
194 94 4
194 99 5
194 108 1
194 114 3
194 119 3
194 121 7
194 142 8
194 148 4
194 169 5
194 193 9
194 194 7
195 3 5
195 8 3
195 9 1
195 12 2
195 41 5
195 49 5
195 50 5
195 55 8
195 60 10
195 80 7
195 81 10
195 82 6
195 83 6
195 84 1
195 91 6
195 99 4
195 105 9
195 120 2
195 128 2
195 142 8
195 143 1
195 148 10
195 187 1
196 2 2
196 7 1
196 12 9
196 16 6
196 20 7
196 25 2
196 47 4
196 59 2
196 62 5
196 88 6
196 94 5
196 98 3
196 99 8
196 102 3
196 117 7
196 118 10
196 119 5
196 139 9
196 169 1
196 173 10
196 178 3
196 193 2
196 199 2
197 5 3
197 7 8
197 11 6
197 27 5
197 28 1
197 42 1
197 46 6
197 48 2
197 51 2
197 65 8
197 66 10
197 76 1
197 77 10
197 92 5
197 106 2
197 120 3
197 125 7
197 133 1
197 149 9
197 176 10
197 181 1
197 185 5
198 0 4
198 4 3
198 5 8
198 28 3
198 32 8
198 40 4
198 64 4
198 69 10
198 70 6
198 78 10
198 81 8
198 82 3
198 85 8
198 95 2
198 106 9
198 109 9
198 111 10
198 116 10
198 155 7
198 168 1
198 169 9
198 188 7
198 194 8
198 196 4
199 9 10
199 22 7
199 29 10
199 32 10
199 40 8
199 43 4
199 53 3
199 60 2
199 80 4
199 95 7
199 103 4
199 122 4
199 142 5
199 158 10
199 163 1
199 166 3
199 172 7
199 181 2
199 182 7
199 198 6
