nodes 100
source 0
sink 99
arcs 1953
0 99 10
0 0 5
0 10 2
0 20 10
0 21 9
0 22 3
0 23 7
0 25 8
0 28 7
0 32 6
0 40 9
0 41 1
0 43 1
0 54 8
0 66 4
0 77 6
0 85 5
0 87 2
0 88 2
0 91 4
1 1 9
1 6 9
1 7 8
1 11 1
1 13 4
1 15 10
1 19 10
1 20 2
1 21 3
1 31 6
1 38 4
1 46 5
1 50 2
1 52 3
1 53 2
1 56 1
1 60 9
1 66 9
1 67 4
1 69 1
1 73 3
1 78 7
1 79 1
1 88 6
1 89 8
1 93 5
1 96 2
2 0 1
2 3 5
2 6 5
2 14 9
2 27 9
2 36 4
2 39 7
2 50 3
2 56 9
2 68 7
2 70 10
2 77 1
2 83 8
2 86 2
2 89 5
2 97 4
2 98 1
3 4 4
3 6 1
3 8 5
3 14 3
3 22 8
3 26 7
3 33 1
3 37 10
3 42 6
3 47 4
3 52 5
3 61 6
3 69 5
3 82 9
3 90 9
3 91 9
3 99 7
4 5 7
4 6 8
4 7 5
4 8 1
4 12 1
4 13 2
4 14 7
4 32 1
4 40 5
4 45 2
4 51 9
4 52 4
4 60 9
4 61 7
4 64 8
4 66 7
4 67 9
4 69 1
4 74 8
4 90 4
4 91 8
4 92 2
4 98 4
4 99 2
5 1 3
5 6 6
5 11 2
5 13 4
5 14 5
5 21 6
5 26 4
5 28 8
5 36 9
5 40 1
5 42 2
5 59 7
5 64 10
5 68 4
5 69 5
5 78 5
5 81 2
5 82 4
5 88 4
5 99 5
6 3 5
6 9 6
6 10 8
6 12 8
6 24 8
6 33 5
6 34 9
6 45 4
6 51 5
6 60 6
6 62 7
6 65 10
6 72 6
6 76 2
6 78 10
6 80 9
6 86 2
6 91 4
6 94 5
7 2 7
7 3 8
7 5 10
7 10 10
7 16 3
7 17 5
7 22 6
7 25 9
7 32 8
7 37 10
7 41 1
7 42 1
7 43 7
7 45 6
7 47 8
7 50 8
7 57 6
7 62 3
7 63 10
7 66 8
7 69 8
7 77 2
7 78 10
7 80 4
7 81 5
7 82 4
7 87 3
7 88 8
7 90 9
7 94 4
7 97 4
8 0 3
8 12 7
8 32 4
8 44 1
8 57 7
8 61 4
8 68 10
8 71 5
8 79 4
8 80 7
8 84 6
8 85 6
8 96 5
8 97 5
9 3 1
9 10 6
9 12 5
9 13 6
9 15 9
9 18 7
9 21 8
9 29 9
9 31 9
9 37 10
9 47 7
9 51 9
9 65 2
9 66 2
9 67 10
9 72 8
9 73 10
9 76 4
9 77 3
9 79 3
9 85 5
9 90 1
9 92 2
9 97 3
9 99 8
10 4 10
10 12 10
10 33 5
10 38 10
10 42 3
10 47 2
10 48 6
10 52 1
10 79 6
10 83 9
10 94 7
10 99 9
11 0 10
11 5 10
11 20 1
11 22 9
11 24 7
11 25 5
11 26 9
11 29 10
11 31 1
11 33 3
11 42 2
11 44 9
11 46 3
11 54 4
11 59 5
11 61 6
11 70 9
11 72 1
11 86 3
11 95 8
12 2 10
12 14 3
12 16 8
12 24 7
12 34 2
12 35 1
12 36 2
12 37 8
12 41 2
12 44 9
12 47 1
12 62 6
12 64 2
12 66 10
12 71 3
12 76 4
12 87 6
12 91 5
12 96 6
12 98 10
13 2 2
13 8 7
13 11 5
13 15 8
13 21 1
13 22 1
13 31 2
13 33 7
13 37 7
13 38 2
13 39 4
13 41 2
13 43 9
13 46 10
13 51 10
13 53 4
13 59 7
13 61 5
13 68 5
13 71 10
13 80 10
13 82 6
13 97 9
14 3 4
14 8 10
14 9 4
14 11 1
14 14 10
14 17 10
14 29 8
14 34 2
14 43 1
14 49 6
14 55 10
14 56 7
14 57 2
14 61 10
14 64 8
14 68 2
14 69 10
14 70 1
14 73 1
14 76 4
14 83 8
14 84 2
14 87 3
14 88 10
14 93 10
14 96 7
14 98 5
15 7 5
15 12 8
15 15 9
15 20 3
15 23 9
15 24 5
15 30 9
15 32 8
15 34 5
15 41 1
15 42 6
15 43 1
15 45 9
15 47 3
15 48 7
15 50 6
15 64 10
15 85 9
15 87 1
15 92 5
15 93 10
16 2 9
16 7 9
16 8 7
16 19 9
16 23 9
16 28 3
16 42 3
16 43 5
16 44 9
16 52 1
16 54 1
16 58 7
16 74 7
16 90 6
16 91 6
16 99 5
17 7 8
17 13 4
17 22 4
17 31 2
17 41 5
17 45 5
17 48 9
17 59 8
17 62 2
17 65 2
17 67 7
17 69 7
17 80 9
17 85 5
17 89 4
17 94 4
18 1 10
18 7 1
18 8 4
18 18 7
18 21 6
18 23 3
18 24 6
18 31 9
18 32 3
18 46 2
18 48 3
18 66 2
18 68 1
18 74 9
18 76 4
18 85 8
18 87 3
18 90 1
18 93 6
18 95 9
19 6 7
19 10 2
19 15 10
19 17 9
19 20 2
19 26 6
19 28 6
19 34 2
19 36 10
19 37 2
19 46 6
19 48 7
19 50 3
19 54 9
19 64 10
19 65 9
19 68 2
19 69 7
19 76 3
19 97 7
20 5 5
20 12 2
20 15 9
20 18 3
20 35 8
20 51 2
20 62 1
20 65 5
20 70 3
20 74 7
20 80 4
20 81 4
20 85 5
20 86 7
20 89 4
20 92 5
20 95 9
21 13 5
21 33 1
21 34 8
21 38 8
21 39 7
21 45 8
21 47 10
21 48 8
21 53 5
21 54 3
21 57 9
21 58 10
21 59 6
21 60 9
21 61 7
21 63 8
21 71 9
21 74 9
21 82 4
21 87 7
21 98 8
22 3 2
22 11 6
22 26 2
22 32 4
22 37 10
22 39 2
22 47 4
22 54 7
22 56 2
22 57 9
22 58 4
22 65 9
22 73 10
22 74 1
22 76 4
22 79 7
23 1 6
23 17 1
23 24 7
23 25 8
23 33 1
23 47 3
23 51 3
23 56 4
23 58 1
23 59 8
23 68 3
23 71 6
23 72 9
23 73 5
23 75 7
23 80 9
23 82 7
23 89 6
23 93 5
23 97 6
24 10 2
24 11 10
24 25 7
24 28 9
24 29 2
24 30 2
24 34 1
24 38 8
24 49 8
24 51 8
24 52 1
24 54 5
24 55 7
24 61 9
24 64 8
24 65 8
24 84 4
24 88 10
24 91 9
24 95 7
24 96 7
24 97 10
25 6 7
25 20 2
25 22 8
25 28 7
25 31 10
25 32 2
25 37 5
25 50 6
25 51 5
25 57 9
25 59 1
25 61 10
25 62 4
25 66 7
25 67 7
25 68 2
25 74 3
25 75 8
25 76 8
25 81 4
25 89 2
26 3 6
26 4 8
26 5 7
26 13 2
26 14 10
26 29 2
26 33 10
26 36 9
26 40 1
26 46 10
26 49 5
26 50 9
26 52 7
26 59 7
26 64 9
26 71 1
26 75 2
26 77 9
26 78 10
26 88 9
26 91 5
27 3 7
27 5 9
27 6 8
27 8 4
27 10 7
27 13 8
27 20 8
27 22 1
27 26 8
27 32 7
27 56 2
27 58 9
27 60 8
27 64 7
27 66 8
27 80 10
27 89 9
27 93 7
28 3 1
28 9 9
28 12 9
28 14 3
28 15 8
28 20 9
28 24 1
28 34 8
28 35 10
28 37 6
28 38 9
28 41 1
28 46 7
28 53 4
28 59 3
28 62 3
28 65 4
28 70 4
28 72 5
28 76 3
28 79 6
28 80 3
28 85 1
28 87 7
28 90 3
28 94 5
28 99 1
29 1 9
29 3 4
29 8 4
29 12 10
29 15 10
29 21 2
29 30 10
29 36 10
29 37 3
29 41 7
29 53 6
29 69 7
29 71 7
29 79 7
29 80 5
29 82 8
29 83 6
29 84 8
29 85 9
29 87 10
29 90 4
30 12 9
30 16 6
30 17 2
30 19 1
30 21 10
30 34 3
30 36 9
30 37 7
30 40 4
30 44 7
30 48 4
30 50 8
30 51 10
30 55 3
30 57 2
30 61 5
30 65 3
30 70 7
30 73 9
30 76 1
30 84 8
30 88 6
30 97 1
30 99 10
31 0 5
31 6 10
31 12 1
31 13 9
31 22 8
31 27 2
31 30 8
31 32 4
31 44 5
31 48 9
31 55 9
31 60 1
31 69 10
31 71 1
31 74 9
31 77 7
31 81 4
31 85 10
31 86 8
32 9 4
32 14 9
32 15 1
32 23 7
32 26 3
32 35 8
32 42 2
32 49 3
32 53 2
32 55 6
32 68 7
32 69 10
32 76 10
32 84 9
32 88 4
32 97 8
33 3 3
33 12 9
33 18 2
33 32 8
33 41 10
33 46 5
33 47 9
33 58 2
33 61 8
33 65 4
33 73 3
33 75 1
33 81 8
33 84 8
33 85 3
33 86 9
33 87 8
33 95 3
33 96 5
33 99 10
34 6 5
34 14 4
34 16 5
34 24 6
34 31 1
34 56 7
34 58 5
34 59 7
34 60 10
34 77 3
34 78 5
34 87 5
34 93 8
35 11 8
35 16 8
35 30 1
35 42 4
35 43 1
35 49 9
35 53 10
35 61 2
35 69 5
35 73 7
35 74 3
35 80 9
35 83 9
35 84 10
35 92 3
35 95 9
35 96 5
35 98 7
36 16 1
36 19 10
36 32 2
36 38 7
36 39 2
36 42 3
36 45 6
36 48 7
36 52 10
36 54 7
36 56 5
36 58 6
36 61 10
36 64 1
36 78 2
36 80 7
36 85 1
36 89 3
36 90 8
36 95 7
36 99 5
37 0 8
37 18 3
37 25 2
37 32 9
37 38 6
37 43 3
37 44 1
37 53 10
37 59 2
37 60 9
37 64 2
37 77 10
37 89 2
37 91 7
37 93 8
37 99 7
38 5 10
38 8 7
38 9 3
38 33 1
38 36 4
38 37 10
38 38 3
38 42 3
38 43 3
38 44 10
38 45 8
38 52 9
38 59 9
38 63 10
38 74 4
39 5 4
39 10 2
39 13 5
39 18 7
39 20 9
39 21 1
39 23 10
39 41 10
39 44 8
39 47 10
39 51 7
39 53 7
39 58 1
39 59 7
39 61 2
39 63 5
39 64 2
39 66 8
39 70 3
39 78 8
39 79 2
39 89 3
39 93 4
39 94 1
39 95 1
40 0 8
40 3 9
40 8 10
40 9 10
40 16 10
40 17 8
40 26 7
40 31 9
40 32 6
40 33 6
40 34 3
40 35 8
40 36 1
40 38 8
40 46 3
40 51 2
40 53 4
40 58 4
40 60 7
40 66 7
40 71 6
40 82 8
40 89 2
40 90 6
40 91 5
41 7 7
41 8 6
41 11 7
41 15 5
41 21 2
41 32 1
41 35 8
41 40 1
41 44 9
41 45 7
41 47 1
41 52 3
41 53 3
41 63 3
41 64 4
41 65 10
41 71 8
41 73 5
41 74 5
41 89 3
41 91 10
41 92 7
41 93 8
41 95 8
41 96 2
42 15 2
42 16 8
42 24 5
42 25 9
42 29 1
42 33 3
42 35 10
42 36 4
42 43 9
42 45 4
42 48 6
42 53 10
42 56 10
42 63 1
42 66 7
42 70 7
42 75 9
42 79 5
42 82 6
42 85 10
42 97 10
43 2 10
43 3 4
43 4 7
43 17 5
43 22 3
43 23 8
43 29 8
43 30 8
43 32 8
43 43 9
43 53 4
43 63 7
43 67 5
43 74 8
43 75 2
43 77 8
43 89 8
43 95 4
44 5 7
44 7 10
44 8 1
44 15 7
44 20 2
44 26 1
44 33 1
44 34 6
44 37 10
44 39 2
44 42 2
44 43 5
44 48 3
44 49 3
44 59 7
44 60 5
44 64 7
44 69 7
44 70 5
44 80 7
44 82 7
44 85 4
44 86 5
44 88 9
44 95 10
44 98 7
45 6 4
45 8 7
45 13 8
45 14 7
45 15 7
45 18 2
45 19 7
45 43 3
45 52 1
45 53 2
45 57 9
45 60 8
45 61 4
45 63 10
45 65 7
45 71 8
45 72 5
45 81 9
45 82 9
45 91 1
46 0 8
46 5 7
46 7 7
46 16 5
46 18 1
46 21 9
46 25 3
46 26 2
46 28 5
46 30 3
46 33 5
46 41 5
46 45 1
46 62 3
46 64 7
46 70 6
46 71 8
46 79 3
46 82 2
46 83 2
46 89 10
46 91 8
46 93 2
47 11 3
47 14 1
47 15 3
47 22 1
47 25 3
47 26 4
47 27 7
47 40 2
47 44 5
47 45 8
47 46 5
47 47 5
47 59 9
47 66 5
47 70 10
47 74 6
47 78 9
47 81 5
47 82 7
48 4 2
48 9 3
48 16 5
48 19 2
48 36 9
48 38 10
48 40 2
48 46 3
48 51 6
48 52 8
48 58 10
48 63 6
48 69 10
48 70 1
48 73 2
48 76 5
48 78 8
48 80 8
48 81 1
48 89 10
48 91 10
48 94 10
48 99 2
49 4 7
49 12 1
49 24 5
49 36 3
49 42 2
49 45 9
49 48 10
49 49 8
49 50 10
49 57 6
49 64 6
49 68 4
49 74 6
49 78 2
49 82 4
49 84 3
49 91 2
50 9 8
50 10 7
50 12 6
50 13 10
50 23 9
50 31 9
50 32 4
50 42 5
50 46 5
50 47 3
50 51 7
50 54 3
50 64 4
50 69 8
50 77 3
50 78 9
50 82 4
50 85 10
50 96 6
50 97 10
50 98 8
51 9 7
51 19 2
51 20 4
51 21 8
51 27 1
51 32 1
51 41 2
51 42 4
51 45 3
51 52 7
51 60 8
51 61 2
51 64 8
51 73 1
51 77 5
51 86 10
51 87 7
51 91 8
51 96 6
51 97 2
52 10 5
52 14 10
52 18 10
52 32 6
52 35 9
52 39 3
52 45 10
52 60 3
52 62 10
52 67 3
52 69 2
52 78 8
52 79 9
52 81 9
52 82 1
52 93 10
52 96 3
53 2 7
53 3 5
53 16 7
53 19 5
53 30 3
53 34 6
53 40 3
53 48 7
53 49 2
53 57 9
53 59 4
53 63 8
53 64 8
53 67 1
53 76 8
53 79 7
53 86 6
53 89 8
53 96 1
54 4 8
54 11 3
54 21 8
54 37 3
54 38 8
54 42 10
54 43 1
54 49 10
54 53 1
54 55 5
54 62 3
54 87 2
54 97 4
55 7 3
55 9 2
55 20 4
55 25 4
55 27 1
55 34 8
55 51 6
55 69 9
55 74 6
55 75 10
55 77 10
55 79 1
55 80 2
55 81 8
55 83 6
55 89 5
55 92 7
56 5 2
56 9 3
56 13 3
56 18 2
56 24 5
56 28 1
56 29 1
56 32 9
56 39 7
56 47 10
56 51 3
56 68 8
56 94 4
56 95 4
56 97 9
57 14 6
57 20 2
57 22 3
57 38 5
57 43 7
57 55 4
57 61 2
57 70 10
57 73 4
57 77 9
57 83 10
57 84 5
57 97 2
58 3 6
58 14 1
58 21 3
58 24 5
58 32 5
58 35 4
58 36 4
58 37 10
58 43 8
58 50 5
58 52 10
58 55 4
58 58 9
58 59 10
58 61 10
58 66 3
58 70 4
58 71 3
58 73 3
58 76 2
58 84 10
58 91 3
58 92 9
59 0 6
59 3 10
59 4 5
59 5 10
59 12 6
59 15 8
59 18 10
59 22 6
59 23 5
59 28 9
59 50 9
59 57 5
59 70 6
59 73 6
59 79 2
59 94 4
60 4 5
60 5 2
60 9 9
60 11 5
60 22 2
60 23 4
60 47 4
60 53 7
60 54 5
60 60 4
60 67 2
60 68 5
60 70 10
60 84 3
60 89 8
60 97 9
60 98 1
61 5 6
61 6 4
61 12 10
61 15 2
61 22 4
61 26 7
61 27 4
61 31 7
61 36 7
61 43 5
61 61 9
61 64 7
61 65 5
61 84 8
61 94 2
62 5 3
62 7 10
62 10 4
62 11 6
62 18 5
62 28 8
62 29 9
62 34 4
62 41 2
62 46 9
62 52 7
62 53 10
62 57 1
62 62 10
62 65 9
62 68 9
62 75 9
62 85 3
62 87 6
62 94 5
63 5 1
63 10 9
63 21 2
63 24 7
63 25 10
63 27 9
63 37 3
63 42 8
63 50 3
63 59 6
63 68 3
63 71 6
63 75 2
63 80 9
63 83 6
63 85 8
63 89 8
63 93 9
64 2 10
64 6 7
64 12 2
64 13 7
64 34 4
64 39 2
64 40 5
64 54 1
64 64 1
64 70 10
64 78 7
64 88 9
64 90 1
64 91 3
65 2 9
65 6 1
65 12 8
65 14 8
65 20 9
65 27 2
65 29 6
65 33 2
65 34 10
65 35 2
65 39 4
65 41 3
65 43 3
65 47 10
65 52 8
65 56 8
65 62 1
65 64 8
65 65 8
65 67 5
65 69 4
65 73 1
65 74 6
65 79 7
65 81 4
65 92 10
65 96 9
66 0 2
66 5 9
66 10 1
66 16 1
66 21 4
66 29 2
66 38 7
66 50 8
66 53 8
66 54 10
66 55 3
66 59 1
66 69 10
66 71 2
66 74 4
66 77 1
66 95 4
67 0 3
67 15 3
67 17 6
67 38 6
67 39 1
67 41 7
67 46 3
67 48 3
67 49 1
67 54 10
67 55 2
67 57 6
67 74 5
67 77 3
67 84 10
67 87 10
67 88 9
67 89 9
67 93 8
67 95 7
67 96 7
68 5 5
68 21 2
68 23 10
68 32 7
68 49 10
68 59 6
68 60 7
68 73 10
68 74 8
68 83 4
69 5 7
69 6 5
69 11 5
69 15 3
69 19 5
69 20 3
69 23 5
69 31 9
69 39 6
69 40 4
69 43 7
69 46 4
69 48 6
69 51 3
69 52 5
69 57 10
69 59 6
69 61 6
69 65 2
69 67 3
69 71 3
69 80 6
69 89 4
69 93 3
69 98 8
70 11 9
70 25 4
70 26 6
70 35 1
70 38 10
70 43 4
70 45 10
70 48 6
70 51 6
70 53 5
70 57 1
70 61 4
70 65 6
70 71 2
70 75 10
70 79 5
70 80 10
70 82 6
70 88 7
70 89 6
70 91 9
71 2 1
71 9 9
71 11 5
71 23 2
71 24 6
71 29 6
71 35 1
71 37 6
71 41 5
71 44 6
71 46 8
71 52 9
71 68 6
71 69 8
71 79 5
71 81 7
71 88 10
71 89 9
71 91 7
71 96 4
71 97 5
71 98 9
72 3 2
72 9 2
72 16 7
72 19 5
72 21 8
72 24 7
72 26 7
72 40 4
72 44 9
72 45 3
72 50 3
72 57 10
72 58 3
72 59 9
72 61 9
72 70 9
72 78 3
72 80 10
72 87 5
72 89 10
72 95 9
72 97 4
73 0 9
73 6 3
73 9 8
73 19 4
73 26 2
73 28 3
73 43 10
73 54 2
73 65 9
73 78 1
73 88 6
73 96 8
73 98 8
74 9 9
74 14 7
74 17 1
74 18 1
74 22 8
74 31 7
74 32 10
74 33 10
74 41 3
74 42 10
74 43 10
74 44 5
74 48 5
74 49 4
74 53 8
74 56 9
74 59 5
74 63 10
74 67 5
74 73 8
74 82 10
74 83 4
74 93 9
74 96 5
75 3 10
75 9 9
75 15 4
75 22 10
75 29 6
75 30 1
75 32 4
75 47 1
75 58 8
75 67 9
75 69 2
75 70 9
75 74 9
75 81 7
75 82 10
75 87 7
75 93 8
75 96 6
75 97 9
76 2 7
76 9 4
76 15 10
76 19 5
76 20 9
76 24 1
76 31 8
76 35 4
76 36 4
76 38 3
76 47 8
76 59 10
76 62 5
76 75 8
76 81 3
76 91 5
77 4 8
77 8 10
77 9 6
77 11 4
77 13 4
77 17 8
77 39 1
77 44 6
77 45 8
77 55 6
77 57 1
77 69 5
77 70 5
77 73 4
77 75 4
77 77 4
77 78 3
77 88 3
77 90 1
77 92 10
77 93 5
77 96 1
77 97 6
78 3 1
78 11 6
78 16 2
78 22 4
78 31 7
78 43 10
78 49 7
78 54 10
78 80 9
78 81 7
78 82 7
78 83 9
78 92 1
78 93 4
79 4 9
79 7 6
79 15 2
79 22 6
79 27 7
79 40 7
79 50 8
79 56 4
79 59 4
79 61 7
79 62 7
79 64 9
79 67 1
79 74 3
79 76 5
79 85 1
79 92 5
79 95 6
79 97 3
80 1 7
80 2 1
80 19 3
80 20 9
80 21 10
80 24 4
80 30 9
80 31 1
80 44 1
80 45 6
80 54 9
80 63 3
80 68 8
80 69 9
80 70 9
80 72 9
80 74 7
80 76 10
80 89 1
80 92 3
80 99 7
81 1 4
81 4 2
81 21 8
81 25 10
81 26 2
81 35 8
81 46 5
81 52 5
81 53 1
81 56 4
81 70 4
81 72 1
81 75 5
81 78 3
81 87 6
81 94 9
82 2 2
82 6 7
82 7 7
82 8 5
82 11 3
82 12 5
82 17 1
82 22 3
82 28 8
82 30 6
82 37 8
82 43 6
82 44 8
82 47 1
82 48 9
82 50 2
82 52 9
82 53 2
82 63 10
82 66 3
82 76 10
82 81 2
82 86 9
82 91 1
83 3 9
83 6 9
83 11 9
83 16 10
83 17 10
83 30 9
83 32 6
83 40 4
83 45 3
83 49 10
83 54 9
83 56 2
83 59 2
83 62 9
83 65 1
83 68 8
83 77 5
83 79 9
83 82 6
83 91 3
84 10 8
84 11 10
84 14 2
84 18 10
84 20 5
84 43 1
84 47 9
84 52 4
84 53 4
84 54 7
84 59 1
84 62 2
84 63 8
84 64 10
84 77 7
84 80 2
84 81 3
84 87 5
84 89 2
84 93 5
84 96 9
85 0 6
85 3 1
85 4 10
85 7 9
85 9 8
85 13 3
85 21 4
85 26 2
85 27 6
85 32 1
85 46 2
85 49 7
85 58 7
85 59 7
85 79 5
85 80 6
85 88 7
85 89 6
86 10 9
86 12 5
86 27 1
86 31 1
86 50 10
86 51 2
86 52 3
86 58 9
86 71 6
86 80 7
86 81 3
86 84 9
86 86 8
86 90 1
86 93 4
87 15 9
87 21 5
87 22 7
87 23 10
87 25 6
87 29 7
87 39 6
87 42 8
87 43 2
87 49 7
87 74 6
87 83 10
87 85 8
87 86 10
88 2 10
88 9 8
88 13 10
88 25 9
88 26 9
88 28 10
88 36 4
88 39 6
88 49 6
88 51 1
88 54 1
88 56 8
88 57 2
88 63 7
88 65 7
88 70 8
88 81 8
88 82 10
88 86 1
88 90 1
88 95 7
88 98 3
89 4 7
89 10 9
89 33 4
89 34 5
89 44 4
89 50 1
89 62 1
89 64 4
89 67 7
89 72 1
89 73 8
89 75 3
89 80 6
89 96 6
90 2 2
90 12 8
90 14 5
90 20 4
90 22 7
90 31 9
90 33 9
90 40 1
90 41 5
90 46 1
90 53 10
90 60 8
90 66 1
90 69 5
90 72 3
90 80 2
90 83 3
90 86 3
90 88 6
90 90 7
90 94 7
90 96 4
91 1 8
91 6 7
91 14 7
91 18 8
91 19 3
91 24 2
91 30 7
91 38 5
91 49 1
91 52 2
91 53 7
91 54 8
91 56 4
91 58 6
91 60 4
91 64 2
91 79 8
91 94 6
91 95 7
92 22 4
92 24 7
92 27 1
92 29 9
92 33 9
92 36 6
92 44 4
92 45 5
92 51 9
92 55 1
92 56 8
92 58 4
92 62 2
92 63 2
92 76 6
92 77 8
92 81 8
92 82 9
92 85 2
92 95 8
92 97 4
93 1 3
93 2 3
93 3 10
93 8 6
93 24 3
93 28 1
93 29 2
93 35 9
93 38 10
93 40 4
93 58 1
93 60 7
93 63 7
93 65 2
93 78 1
93 83 6
93 86 10
93 93 7
93 96 9
94 2 7
94 4 3
94 8 5
94 11 9
94 28 7
94 34 6
94 35 4
94 42 1
94 43 6
94 48 4
94 49 3
94 57 8
94 60 7
94 63 6
94 79 6
94 80 2
94 84 3
94 86 6
94 87 9
94 88 6
94 91 2
94 96 10
95 5 5
95 10 2
95 18 10
95 26 2
95 30 3
95 32 8
95 35 5
95 47 3
95 53 2
95 58 2
95 63 4
95 66 6
95 74 8
95 78 9
95 80 4
95 88 10
95 90 10
95 93 4
96 6 1
96 7 2
96 9 10
96 14 6
96 18 10
96 20 1
96 21 10
96 22 8
96 27 5
96 35 7
96 39 4
96 40 2
96 43 4
96 46 4
96 54 5
96 57 4
96 67 8
96 73 6
96 75 3
96 80 7
96 84 4
96 87 9
96 89 1
96 93 10
96 96 8
97 15 10
97 16 8
97 17 9
97 20 1
97 36 9
97 45 10
97 49 6
97 59 10
97 61 4
97 64 10
97 75 5
97 78 8
97 98 10
98 0 2
98 9 4
98 11 5
98 14 9
98 21 4
98 23 3
98 25 9
98 28 4
98 29 1
98 42 10
98 49 9
98 54 1
98 58 1
98 62 7
98 79 9
98 82 8
98 95 5
98 97 1
98 98 3
99 7 1
99 9 7
99 18 9
99 19 3
99 22 4
99 28 9
99 39 2
99 40 10
99 41 8
99 45 2
99 64 8
99 68 6
99 71 6
99 72 8
99 76 1
99 78 1
99 79 6
99 90 7
99 91 7
99 95 1
99 96 4
99 99 4
