nodes 300
source 0
sink 299
arcs 8993
0 299 10
0 4 2
0 5 4
0 24 9
0 32 7
0 56 7
0 88 2
0 90 9
0 100 2
0 117 5
0 119 2
0 129 7
0 139 8
0 150 1
0 182 5
0 205 2
0 225 10
0 229 10
0 240 3
0 244 9
0 259 9
0 260 8
0 262 6
0 263 2
0 278 8
0 279 10
0 284 3
0 298 7
1 10 10
1 12 1
1 14 10
1 44 4
1 64 5
1 82 5
1 93 6
1 97 8
1 125 9
1 129 6
1 131 2
1 136 10
1 148 8
1 175 2
1 199 10
1 224 5
1 234 10
1 238 6
1 248 2
1 256 10
1 271 1
1 277 2
1 298 8
2 0 9
2 24 1
2 27 4
2 31 7
2 47 7
2 60 9
2 67 7
2 72 1
2 80 4
2 81 6
2 83 2
2 89 4
2 93 7
2 103 7
2 117 7
2 126 8
2 130 5
2 145 1
2 148 1
2 160 6
2 169 7
2 170 7
2 176 4
2 179 4
2 199 1
2 210 1
2 228 5
2 245 7
2 271 2
2 274 7
2 275 3
2 279 3
2 290 9
3 22 3
3 23 4
3 25 1
3 31 6
3 39 5
3 61 3
3 64 1
3 86 10
3 87 4
3 94 7
3 99 8
3 111 5
3 115 7
3 121 6
3 129 8
3 130 5
3 143 2
3 151 10
3 159 5
3 161 9
3 180 10
3 202 10
3 216 1
3 260 6
3 275 9
3 283 9
3 295 9
3 299 5
4 15 2
4 20 1
4 32 4
4 50 3
4 54 8
4 78 8
4 90 4
4 107 8
4 111 2
4 153 1
4 181 10
4 182 5
4 196 2
4 197 1
4 203 8
4 225 1
4 240 4
4 241 7
4 243 8
4 262 10
4 265 8
4 268 4
4 280 4
4 283 1
5 34 8
5 56 3
5 67 4
5 85 4
5 91 8
5 103 10
5 112 10
5 182 10
5 197 2
5 199 7
5 200 2
5 203 5
5 205 10
5 219 2
5 226 10
5 239 7
5 243 9
5 245 1
5 246 6
5 268 8
5 271 3
5 278 9
5 280 9
5 291 7
5 297 2
6 3 5
6 7 9
6 11 3
6 26 4
6 49 6
6 51 8
6 66 3
6 77 10
6 86 9
6 104 8
6 119 4
6 123 6
6 126 6
6 131 5
6 140 6
6 144 6
6 146 2
6 148 5
6 149 3
6 156 6
6 164 7
6 186 6
6 200 7
6 207 1
6 216 5
6 224 6
6 242 5
6 243 5
6 283 9
6 286 9
6 288 8
6 292 8
6 294 7
7 2 10
7 9 1
7 25 4
7 28 5
7 38 8
7 43 6
7 59 5
7 76 8
7 77 1
7 86 2
7 90 2
7 102 10
7 126 2
7 128 1
7 141 5
7 155 7
7 158 4
7 171 1
7 181 6
7 182 10
7 200 4
7 235 1
7 241 1
7 248 7
7 250 2
7 264 4
7 268 10
7 272 6
7 282 7
7 296 8
8 8 7
8 19 4
8 37 2
8 38 9
8 39 4
8 66 6
8 68 5
8 85 10
8 105 6
8 136 10
8 155 10
8 160 5
8 163 6
8 165 10
8 172 8
8 176 8
8 181 2
8 195 7
8 217 5
8 222 7
8 225 8
8 227 10
8 230 10
8 232 10
8 244 8
8 250 10
8 253 5
8 258 5
8 278 8
9 12 3
9 20 3
9 33 1
9 40 1
9 43 1
9 57 2
9 60 6
9 68 7
9 74 2
9 76 7
9 78 2
9 85 6
9 103 2
9 118 8
9 121 10
9 128 5
9 131 6
9 147 4
9 148 3
9 169 2
9 170 7
9 171 7
9 172 1
9 174 9
9 185 3
9 209 4
9 215 4
9 223 3
9 233 2
9 235 10
9 245 9
9 248 5
9 256 2
9 258 7
9 266 5
9 270 9
9 273 2
9 277 8
9 286 3
9 294 2
10 13 6
10 29 5
10 31 9
10 46 3
10 51 7
10 54 10
10 71 3
10 76 1
10 84 6
10 112 10
10 121 8
10 126 3
10 138 2
10 222 3
10 246 4
10 251 1
10 253 5
10 260 6
10 262 5
10 271 6
10 278 8
10 279 1
10 289 2
10 292 3
11 3 10
11 10 8
11 28 9
11 63 3
11 85 7
11 96 10
11 107 10
11 108 8
11 117 7
11 119 4
11 123 7
11 143 5
11 147 9
11 157 6
11 165 2
11 183 4
11 197 1
11 205 9
11 209 5
11 212 6
11 216 7
11 225 6
11 241 1
11 244 10
11 279 9
12 7 8
12 8 3
12 20 1
12 33 9
12 48 1
12 49 10
12 50 4
12 68 10
12 87 8
12 106 6
12 115 2
12 121 10
12 125 4
12 128 2
12 135 1
12 137 7
12 139 5
12 142 8
12 146 9
12 152 6
12 177 9
12 186 10
12 193 5
12 196 6
12 204 5
12 210 6
12 212 5
12 216 1
12 222 5
12 223 3
12 225 3
12 238 5
12 243 2
12 255 1
12 271 4
12 275 7
12 280 2
12 284 10
12 285 10
13 16 8
13 21 1
13 25 3
13 26 1
13 30 4
13 37 4
13 39 4
13 42 2
13 54 3
13 56 4
13 73 1
13 77 1
13 82 10
13 91 5
13 94 9
13 103 1
13 105 9
13 110 1
13 134 1
13 190 9
13 198 2
13 201 2
13 209 1
13 214 1
13 217 4
13 237 9
13 240 9
13 245 7
13 249 7
13 251 7
13 277 10
13 278 4
13 279 8
13 281 9
13 293 4
13 299 8
14 23 4
14 29 10
14 43 6
14 51 1
14 71 5
14 95 3
14 106 7
14 117 9
14 118 10
14 127 1
14 152 4
14 157 7
14 171 3
14 210 9
14 245 4
14 253 10
14 264 4
14 298 10
15 0 9
15 13 7
15 20 2
15 27 2
15 91 2
15 97 7
15 99 8
15 110 1
15 113 5
15 115 9
15 144 5
15 158 10
15 174 7
15 182 7
15 186 8
15 198 7
15 203 10
15 209 7
15 215 10
15 271 7
16 0 3
16 31 1
16 32 10
16 38 1
16 41 8
16 53 2
16 58 1
16 62 7
16 63 4
16 64 9
16 71 5
16 151 6
16 164 9
16 165 3
16 176 3
16 181 6
16 187 7
16 190 4
16 200 2
16 205 4
16 207 2
16 218 4
16 220 6
16 221 2
16 239 3
16 240 10
16 249 8
16 254 7
16 272 7
16 290 2
16 298 1
17 4 6
17 47 2
17 49 9
17 106 10
17 119 4
17 128 7
17 141 8
17 151 10
17 162 5
17 163 2
17 166 10
17 168 10
17 178 2
17 184 10
17 191 4
17 196 1
17 197 4
17 207 5
17 213 2
17 218 10
17 222 5
17 224 7
17 241 2
17 247 8
17 252 4
17 291 4
17 294 6
18 0 5
18 7 9
18 10 5
18 32 8
18 51 4
18 64 7
18 65 4
18 85 8
18 91 3
18 101 10
18 102 2
18 118 7
18 120 2
18 128 1
18 133 2
18 137 2
18 143 3
18 147 6
18 151 7
18 183 8
18 209 6
18 210 4
18 212 4
18 222 3
18 225 9
18 239 4
18 247 1
18 258 5
18 267 4
18 270 3
18 294 7
19 12 9
19 15 6
19 23 8
19 24 1
19 40 4
19 50 6
19 57 4
19 58 7
19 66 9
19 70 2
19 82 10
19 83 6
19 89 2
19 90 8
19 93 4
19 101 2
19 106 3
19 108 2
19 124 2
19 134 1
19 135 1
19 139 10
19 142 4
19 160 4
19 167 10
19 182 1
19 201 2
19 202 7
19 204 2
19 207 6
19 213 5
19 219 6
19 248 6
19 271 4
20 8 7
20 18 8
20 33 2
20 43 6
20 47 2
20 50 7
20 63 1
20 96 2
20 98 5
20 101 2
20 106 2
20 110 3
20 126 3
20 131 1
20 158 9
20 191 5
20 216 4
20 217 7
20 220 8
20 233 5
20 248 9
20 250 5
20 258 8
20 268 9
20 274 4
20 281 5
20 284 1
20 287 9
21 1 5
21 10 4
21 19 3
21 27 7
21 42 2
21 52 5
21 85 1
21 93 7
21 143 3
21 163 6
21 189 3
21 191 10
21 193 5
21 201 6
21 207 10
21 208 10
21 210 9
21 215 2
21 228 7
21 234 6
21 243 6
21 278 2
21 283 5
21 288 8
21 290 7
21 292 5
21 296 7
22 3 6
22 19 4
22 21 1
22 22 1
22 27 6
22 47 1
22 76 3
22 80 9
22 87 6
22 96 6
22 108 10
22 174 8
22 178 2
22 191 5
22 196 7
22 205 2
22 208 10
22 219 3
22 230 7
22 232 9
22 257 1
22 274 9
22 279 2
22 284 10
22 291 9
23 6 5
23 19 1
23 21 10
23 43 2
23 47 9
23 59 3
23 61 9
23 62 6
23 71 5
23 76 2
23 83 5
23 96 7
23 103 1
23 124 10
23 128 8
23 132 5
23 145 9
23 158 4
23 161 4
23 165 6
23 182 10
23 192 3
23 198 10
23 202 3
23 209 8
23 213 6
23 225 7
23 227 6
23 263 1
23 284 5
23 298 7
24 6 7
24 19 6
24 23 2
24 45 4
24 54 7
24 57 10
24 59 7
24 70 10
24 77 5
24 87 8
24 111 6
24 117 4
24 122 5
24 125 9
24 137 3
24 138 8
24 160 1
24 164 5
24 165 2
24 171 8
24 173 1
24 182 6
24 195 2
24 200 5
24 204 10
24 215 10
24 222 6
24 239 3
24 248 3
24 271 5
24 292 1
25 12 2
25 14 6
25 17 1
25 20 5
25 26 9
25 41 7
25 47 10
25 52 9
25 62 10
25 76 4
25 81 2
25 83 8
25 105 3
25 109 4
25 122 8
25 136 2
25 143 9
25 157 3
25 159 8
25 164 1
25 171 6
25 176 4
25 188 2
25 199 2
25 204 2
25 210 1
25 237 8
25 256 9
25 257 9
25 263 4
25 271 4
25 276 7
25 290 7
25 295 2
25 296 3
26 8 9
26 30 9
26 65 5
26 68 10
26 72 5
26 84 9
26 88 3
26 122 2
26 123 6
26 135 4
26 145 1
26 161 5
26 162 2
26 181 7
26 229 9
26 258 7
26 260 3
26 264 5
26 274 2
26 280 9
26 285 6
26 287 1
27 1 5
27 6 6
27 7 1
27 8 4
27 12 7
27 17 9
27 20 6
27 26 10
27 31 1
27 54 9
27 69 1
27 81 4
27 98 3
27 103 1
27 105 10
27 111 5
27 113 8
27 116 9
27 120 6
27 128 3
27 129 7
27 130 7
27 138 7
27 150 6
27 157 3
27 164 3
27 173 1
27 184 5
27 186 2
27 196 9
27 207 4
27 231 7
27 242 10
27 265 3
27 278 7
27 294 6
27 298 3
28 9 10
28 20 9
28 24 8
28 29 9
28 33 8
28 34 5
28 46 5
28 53 4
28 78 10
28 91 4
28 115 6
28 150 8
28 186 10
28 188 3
28 203 2
28 205 2
28 206 6
28 214 1
28 222 10
28 226 3
28 262 9
28 266 4
28 289 4
29 6 2
29 10 2
29 13 1
29 16 10
29 26 8
29 27 8
29 30 6
29 54 6
29 63 4
29 67 3
29 128 2
29 129 4
29 130 9
29 135 9
29 144 1
29 166 1
29 171 4
29 173 2
29 178 8
29 191 10
29 214 2
29 227 1
29 248 8
29 254 10
29 260 4
29 267 2
29 270 9
29 278 9
30 22 1
30 37 9
30 56 5
30 76 10
30 79 7
30 93 3
30 119 4
30 120 8
30 121 5
30 157 10
30 169 9
30 173 6
30 185 10
30 187 3
30 203 2
30 208 4
30 216 2
30 227 7
30 242 9
30 243 9
30 247 3
30 261 9
30 273 10
30 279 10
30 288 4
30 291 8
30 293 9
31 13 8
31 27 9
31 48 9
31 59 10
31 60 2
31 64 9
31 74 3
31 83 5
31 84 2
31 85 4
31 89 6
31 92 4
31 109 5
31 132 1
31 136 4
31 155 9
31 160 10
31 165 10
31 166 5
31 184 7
31 194 4
31 201 6
31 223 2
31 225 2
31 228 2
31 245 9
31 277 2
31 281 2
31 282 9
31 292 7
32 2 6
32 25 2
32 35 7
32 38 8
32 49 10
32 87 6
32 93 3
32 108 7
32 119 8
32 130 1
32 138 3
32 139 1
32 140 1
32 141 1
32 144 8
32 168 1
32 171 4
32 180 1
32 185 8
32 192 6
32 194 2
32 201 3
32 204 7
32 224 5
32 232 7
32 236 7
32 238 3
32 246 10
32 253 5
32 269 6
32 271 3
33 7 3
33 29 9
33 43 5
33 56 9
33 58 10
33 59 9
33 68 10
33 76 2
33 94 10
33 96 6
33 99 1
33 103 3
33 106 5
33 136 1
33 138 5
33 190 6
33 193 5
33 200 2
33 216 1
33 229 3
33 230 4
33 252 5
33 263 10
33 275 7
33 283 1
33 286 9
33 287 9
34 8 6
34 13 10
34 50 9
34 93 9
34 120 8
34 136 7
34 141 10
34 148 5
34 175 6
34 187 4
34 195 3
34 208 4
34 216 1
34 217 3
34 218 5
34 232 5
34 246 2
34 247 9
34 270 10
35 6 8
35 9 8
35 20 2
35 31 3
35 39 6
35 40 7
35 41 4
35 55 4
35 59 2
35 62 4
35 67 5
35 80 6
35 90 10
35 105 7
35 114 3
35 115 4
35 117 1
35 125 6
35 146 6
35 152 8
35 212 2
35 218 5
35 292 8
36 7 7
36 24 9
36 36 10
36 42 3
36 57 3
36 58 7
36 71 10
36 78 2
36 92 3
36 105 6
36 112 10
36 117 4
36 120 1
36 128 9
36 131 2
36 136 2
36 147 3
36 170 5
36 173 9
36 195 7
36 204 10
36 220 8
36 226 10
36 236 4
36 247 5
36 254 2
36 258 2
36 259 10
36 269 10
36 296 8
37 10 8
37 28 10
37 52 8
37 63 9
37 122 4
37 166 4
37 182 7
37 183 9
37 202 7
37 206 6
37 219 1
37 222 5
37 232 8
37 237 1
37 262 6
37 276 4
37 299 4
38 7 4
38 14 5
38 24 9
38 26 1
38 34 6
38 56 8
38 60 10
38 62 2
38 66 6
38 80 5
38 108 7
38 131 10
38 139 3
38 154 9
38 160 2
38 184 5
38 186 7
38 191 4
38 198 7
38 199 3
38 212 5
38 237 9
38 249 10
38 253 8
38 281 6
38 295 7
38 296 6
39 3 4
39 19 7
39 32 7
39 45 5
39 59 7
39 62 1
39 74 1
39 93 3
39 109 10
39 153 10
39 156 6
39 160 10
39 177 3
39 182 1
39 185 3
39 186 3
39 187 8
39 204 7
39 217 4
39 227 10
39 233 2
39 257 10
39 263 8
39 274 2
39 279 2
39 286 7
39 294 2
39 299 3
40 3 7
40 8 9
40 16 8
40 34 6
40 49 2
40 64 7
40 82 7
40 84 10
40 85 7
40 102 10
40 113 7
40 114 3
40 129 3
40 147 1
40 167 5
40 170 1
40 173 4
40 186 3
40 202 3
40 216 2
40 220 2
40 224 10
40 227 5
40 237 7
40 248 1
40 265 10
40 266 6
40 278 6
40 287 1
41 1 6
41 3 7
41 8 10
41 12 10
41 13 8
41 47 4
41 58 9
41 70 10
41 72 9
41 75 8
41 82 7
41 84 4
41 93 6
41 96 10
41 101 9
41 109 9
41 123 1
41 124 2
41 143 8
41 144 7
41 181 9
41 182 10
41 190 8
41 196 7
41 210 10
41 255 10
41 257 4
41 289 5
42 24 10
42 32 10
42 38 7
42 56 10
42 91 9
42 115 7
42 120 10
42 139 8
42 147 10
42 151 10
42 177 6
42 191 2
42 212 7
42 245 6
42 250 10
42 270 4
42 293 6
42 296 3
42 298 3
43 9 1
43 23 10
43 31 8
43 49 3
43 51 6
43 66 10
43 84 6
43 86 5
43 96 5
43 107 4
43 125 7
43 126 10
43 127 7
43 134 6
43 141 1
43 151 6
43 153 1
43 164 9
43 186 10
43 189 1
43 193 5
43 204 4
43 208 3
43 216 10
43 238 10
43 252 4
43 256 10
43 283 2
43 287 5
43 289 4
43 293 6
43 294 2
44 2 7
44 13 10
44 23 8
44 66 4
44 72 6
44 79 1
44 81 3
44 108 7
44 113 7
44 122 9
44 129 8
44 173 4
44 175 9
44 178 3
44 191 8
44 202 5
44 208 1
44 210 9
44 223 2
44 224 6
44 231 5
44 239 10
44 242 4
44 252 2
44 261 9
44 266 3
44 272 6
44 276 2
44 284 1
44 287 2
44 290 9
44 291 7
45 11 2
45 23 1
45 30 4
45 43 2
45 49 8
45 63 2
45 81 5
45 105 6
45 115 2
45 118 4
45 150 7
45 156 9
45 160 1
45 175 4
45 214 8
45 232 5
45 236 1
45 285 4
46 33 5
46 39 4
46 44 1
46 45 2
46 54 10
46 59 2
46 60 1
46 61 6
46 65 2
46 66 9
46 68 10
46 89 6
46 110 2
46 116 4
46 128 7
46 129 6
46 135 3
46 150 4
46 154 3
46 161 1
46 170 6
46 192 1
46 197 3
46 205 5
46 218 1
46 232 9
46 258 8
46 263 1
46 270 10
46 272 9
46 293 7
47 3 9
47 6 6
47 9 1
47 10 5
47 14 1
47 23 10
47 32 9
47 34 7
47 42 5
47 53 3
47 72 3
47 74 4
47 77 9
47 86 3
47 87 10
47 102 9
47 119 9
47 140 7
47 148 6
47 155 3
47 167 5
47 168 1
47 192 7
47 199 5
47 207 7
47 228 3
47 231 6
47 233 3
47 237 3
47 246 7
47 252 7
47 263 2
47 278 9
47 285 2
47 296 1
48 10 5
48 17 6
48 25 1
48 39 1
48 42 8
48 51 4
48 71 8
48 75 6
48 86 10
48 93 5
48 103 9
48 108 9
48 127 1
48 141 1
48 151 4
48 197 4
48 202 8
48 204 3
48 227 4
48 244 2
48 258 9
48 279 8
48 280 5
48 282 6
48 287 4
48 298 2
48 299 1
49 14 3
49 16 10
49 17 6
49 24 9
49 41 1
49 67 10
49 80 9
49 85 2
49 96 5
49 97 5
49 124 4
49 136 5
49 139 8
49 143 1
49 144 10
49 149 3
49 184 10
49 212 4
49 233 7
49 256 5
49 257 4
49 260 1
49 267 5
49 279 3
49 297 5
49 299 4
50 4 9
50 5 6
50 9 5
50 33 1
50 34 4
50 39 5
50 73 1
50 77 10
50 92 8
50 95 5
50 96 5
50 120 6
50 131 3
50 133 6
50 135 8
50 141 10
50 150 2
50 156 6
50 164 2
50 175 3
50 189 9
50 192 6
50 195 4
50 196 4
50 214 4
50 228 9
50 229 10
50 239 9
50 242 5
50 245 4
50 256 9
50 271 5
50 280 3
51 3 3
51 21 7
51 32 3
51 41 9
51 45 10
51 51 1
51 60 10
51 62 3
51 68 2
51 69 2
51 121 9
51 124 2
51 155 7
51 166 1
51 173 3
51 192 5
51 195 2
51 202 1
51 209 5
51 224 6
51 226 9
51 236 9
51 246 6
51 260 10
51 267 9
51 269 1
51 283 4
51 297 2
52 1 1
52 5 2
52 15 10
52 16 10
52 18 9
52 22 8
52 45 10
52 46 5
52 75 3
52 92 5
52 102 9
52 106 1
52 114 2
52 124 8
52 145 6
52 152 4
52 169 5
52 172 5
52 187 10
52 232 4
52 236 8
52 245 1
52 256 1
52 257 5
52 259 10
52 261 2
52 262 6
52 274 3
53 7 4
53 16 4
53 18 7
53 28 5
53 46 5
53 50 6
53 52 1
53 53 7
53 55 4
53 60 2
53 77 8
53 87 4
53 91 4
53 106 10
53 116 5
53 132 5
53 145 7
53 155 10
53 158 7
53 185 8
53 194 7
53 203 3
53 210 10
53 217 3
53 222 10
53 238 9
53 249 4
53 253 1
53 270 5
53 295 9
54 25 10
54 42 4
54 61 4
54 65 7
54 94 9
54 99 4
54 111 7
54 115 1
54 116 2
54 128 1
54 133 4
54 142 2
54 165 8
54 183 2
54 194 9
54 203 2
54 206 1
54 208 9
54 213 6
54 236 8
54 238 4
54 239 6
54 256 7
54 281 2
54 282 3
54 287 9
54 291 6
55 9 9
55 13 10
55 14 4
55 18 10
55 21 3
55 24 7
55 32 9
55 38 3
55 48 3
55 64 6
55 65 10
55 81 7
55 108 1
55 120 7
55 128 3
55 129 10
55 139 8
55 149 3
55 151 7
55 166 3
55 171 3
55 174 5
55 197 9
55 213 10
55 225 10
55 229 1
55 230 8
55 231 10
55 236 6
55 246 9
55 250 2
55 253 5
55 263 3
55 278 9
55 286 7
55 294 1
56 0 3
56 3 3
56 10 4
56 13 5
56 16 5
56 22 5
56 26 8
56 44 4
56 50 7
56 54 1
56 56 9
56 58 1
56 68 5
56 75 8
56 119 6
56 123 4
56 138 7
56 139 10
56 168 4
56 172 7
56 187 6
56 188 8
56 205 8
56 212 4
56 213 9
56 226 1
56 227 8
56 243 10
56 269 10
56 293 2
57 13 4
57 25 7
57 28 4
57 45 10
57 46 9
57 48 3
57 52 4
57 54 6
57 61 4
57 68 2
57 72 2
57 74 2
57 76 8
57 83 9
57 86 3
57 90 6
57 97 4
57 113 3
57 177 7
57 179 10
57 181 9
57 184 2
57 194 10
57 208 9
57 212 4
57 216 10
57 227 4
57 235 6
57 244 9
57 266 1
57 279 6
57 283 6
57 289 1
58 7 7
58 11 4
58 20 9
58 33 1
58 38 2
58 40 1
58 42 6
58 48 3
58 59 4
58 62 2
58 71 6
58 72 3
58 92 7
58 111 1
58 123 7
58 159 8
58 177 7
58 196 4
58 204 2
58 210 5
58 214 2
58 243 6
58 247 7
58 254 4
58 257 7
58 264 8
58 277 1
58 279 10
58 296 5
58 299 4
59 16 6
59 17 9
59 23 4
59 25 3
59 32 9
59 45 1
59 46 2
59 47 8
59 59 7
59 69 8
59 96 9
59 100 4
59 102 9
59 163 6
59 169 6
59 172 4
59 176 10
59 185 3
59 189 5
59 192 3
59 208 1
59 216 9
59 220 6
59 228 7
59 241 2
59 243 8
59 250 5
59 253 5
59 263 7
59 265 2
59 290 1
60 14 4
60 18 3
60 57 6
60 76 9
60 85 4
60 89 10
60 92 1
60 118 4
60 126 7
60 134 2
60 143 10
60 152 3
60 156 6
60 175 6
60 200 6
60 225 7
60 237 8
60 247 7
60 251 4
60 258 5
60 291 7
60 298 3
61 8 5
61 23 7
61 37 6
61 38 2
61 44 6
61 62 4
61 65 9
61 72 7
61 85 1
61 90 10
61 92 4
61 93 4
61 104 10
61 118 8
61 127 6
61 142 9
61 143 5
61 155 1
61 171 3
61 201 2
61 208 9
61 230 5
61 244 2
61 259 7
61 268 10
61 270 2
61 280 9
61 283 4
61 284 3
62 22 4
62 33 4
62 34 6
62 52 5
62 53 2
62 58 6
62 73 9
62 89 4
62 94 9
62 95 9
62 151 8
62 155 7
62 163 1
62 173 10
62 175 2
62 179 8
62 191 5
62 193 4
62 202 8
62 206 3
62 218 10
62 226 2
62 240 9
62 242 6
62 250 5
62 251 5
62 256 2
62 274 4
62 282 7
62 286 3
63 4 3
63 6 4
63 15 9
63 21 5
63 39 8
63 74 3
63 76 2
63 84 1
63 96 9
63 98 1
63 101 5
63 117 9
63 122 6
63 125 5
63 138 8
63 139 7
63 145 10
63 161 7
63 170 7
63 180 1
63 183 7
63 189 5
63 190 1
63 212 5
63 231 6
63 239 9
63 247 9
63 254 4
63 257 4
63 266 4
63 271 6
63 273 5
63 292 5
64 5 7
64 8 2
64 16 7
64 21 5
64 22 2
64 37 9
64 38 7
64 46 7
64 48 7
64 51 8
64 59 4
64 66 1
64 69 10
64 70 6
64 90 1
64 96 4
64 97 3
64 105 3
64 106 4
64 113 3
64 130 8
64 141 2
64 144 5
64 145 5
64 159 10
64 162 10
64 184 10
64 193 9
64 196 7
64 205 3
64 220 4
64 221 2
64 226 9
64 241 3
64 250 7
64 258 4
64 259 10
64 278 4
64 290 9
65 6 2
65 23 9
65 33 7
65 36 4
65 51 2
65 53 4
65 69 9
65 93 9
65 102 8
65 122 4
65 124 3
65 129 6
65 166 8
65 199 4
65 214 5
65 221 4
65 226 1
65 236 7
65 242 5
65 244 3
65 262 7
65 267 2
65 273 5
65 283 6
65 290 10
65 298 2
66 16 8
66 35 3
66 36 4
66 46 3
66 47 4
66 60 4
66 62 7
66 85 4
66 87 8
66 92 10
66 97 10
66 103 6
66 113 4
66 142 2
66 143 10
66 148 10
66 161 3
66 166 8
66 167 2
66 177 4
66 185 2
66 191 7
66 192 9
66 203 1
66 221 3
66 228 8
66 235 6
66 246 1
66 269 6
66 280 4
66 286 8
66 295 1
67 0 5
67 7 7
67 11 8
67 19 9
67 38 8
67 58 2
67 64 7
67 93 3
67 95 3
67 104 8
67 107 2
67 125 7
67 129 4
67 130 2
67 142 6
67 150 8
67 164 4
67 170 7
67 175 9
67 205 10
67 214 3
67 215 5
67 218 9
67 224 6
67 234 6
67 238 5
67 240 3
67 243 3
67 263 1
67 267 4
67 270 2
67 272 8
67 284 5
67 285 2
67 288 10
68 10 5
68 12 7
68 18 8
68 20 2
68 32 10
68 40 6
68 66 10
68 71 1
68 86 5
68 89 9
68 91 5
68 95 6
68 100 1
68 102 8
68 104 9
68 110 6
68 122 7
68 123 1
68 134 9
68 144 8
68 148 1
68 158 9
68 167 1
68 172 7
68 187 10
68 190 1
68 193 3
68 208 3
68 232 3
68 243 9
68 253 2
68 257 4
68 259 9
68 277 7
68 287 4
69 40 8
69 58 10
69 67 5
69 68 1
69 70 7
69 103 4
69 106 4
69 111 1
69 136 10
69 150 5
69 165 7
69 196 6
69 197 3
69 207 8
69 224 1
69 246 1
69 253 10
69 255 3
69 261 8
69 263 6
69 281 6
70 13 3
70 45 7
70 57 2
70 62 4
70 67 4
70 74 3
70 84 5
70 86 7
70 88 9
70 91 4
70 109 3
70 114 2
70 132 4
70 142 6
70 144 6
70 160 2
70 176 7
70 180 1
70 196 8
70 207 1
70 211 4
70 238 8
70 240 9
70 247 4
70 262 8
71 2 7
71 3 7
71 13 8
71 26 6
71 36 7
71 64 3
71 73 7
71 79 7
71 84 2
71 97 10
71 111 1
71 112 1
71 114 9
71 115 2
71 121 8
71 140 4
71 147 6
71 164 2
71 168 1
71 170 1
71 177 7
71 187 5
71 230 4
71 238 8
71 241 3
71 264 3
71 281 2
71 282 9
72 1 1
72 2 10
72 11 9
72 34 2
72 38 7
72 41 2
72 44 2
72 48 9
72 54 6
72 56 3
72 66 10
72 85 2
72 96 7
72 98 4
72 104 7
72 118 1
72 130 5
72 150 6
72 192 9
72 197 6
72 199 10
72 205 8
72 213 2
72 217 4
72 225 3
72 251 10
72 253 5
72 257 9
72 282 5
72 289 7
73 8 1
73 14 8
73 34 10
73 42 6
73 53 5
73 54 7
73 59 8
73 71 1
73 86 3
73 88 7
73 94 9
73 104 7
73 110 4
73 112 9
73 120 7
73 122 7
73 124 2
73 125 10
73 135 4
73 139 10
73 145 1
73 157 4
73 160 10
73 163 3
73 175 1
73 182 10
73 207 8
73 209 7
73 226 6
73 238 9
73 240 9
73 266 3
73 279 3
74 1 8
74 4 9
74 8 3
74 14 8
74 17 7
74 25 4
74 38 6
74 41 5
74 44 3
74 48 10
74 52 4
74 54 3
74 55 6
74 57 6
74 58 9
74 68 7
74 81 1
74 84 8
74 94 3
74 119 7
74 126 6
74 130 1
74 139 5
74 140 6
74 161 8
74 172 3
74 173 9
74 194 2
74 197 8
74 198 1
74 209 9
74 217 2
74 235 9
74 237 5
74 240 2
74 251 7
74 277 4
74 280 6
74 294 2
74 297 4
75 11 4
75 19 8
75 24 7
75 25 10
75 29 9
75 31 1
75 59 6
75 63 2
75 67 8
75 70 8
75 73 9
75 78 3
75 103 4
75 131 4
75 143 9
75 172 7
75 179 3
75 186 6
75 216 10
75 228 1
75 233 3
75 236 7
75 238 7
75 247 4
75 258 5
75 266 8
75 275 3
75 276 8
75 279 5
76 1 6
76 18 9
76 38 1
76 43 7
76 46 5
76 48 4
76 51 1
76 61 4
76 63 9
76 67 4
76 83 3
76 87 10
76 103 5
76 113 8
76 118 3
76 122 2
76 124 7
76 131 7
76 148 8
76 149 4
76 153 7
76 174 1
76 177 10
76 192 1
76 199 10
76 221 1
76 224 7
76 245 3
76 257 2
76 264 3
76 277 7
76 278 7
76 280 2
76 282 7
76 286 3
76 288 7
77 8 2
77 9 8
77 21 7
77 38 2
77 39 10
77 51 7
77 65 10
77 71 1
77 76 8
77 77 2
77 84 2
77 100 8
77 103 9
77 107 5
77 114 5
77 116 8
77 141 1
77 145 7
77 150 8
77 181 8
77 184 9
77 196 3
77 205 10
77 210 4
77 213 3
77 215 9
77 236 8
77 250 8
77 255 7
77 273 10
77 288 2
78 6 3
78 13 5
78 19 9
78 20 4
78 29 8
78 41 4
78 45 7
78 73 1
78 84 5
78 85 3
78 101 1
78 102 2
78 109 4
78 122 1
78 123 7
78 127 8
78 149 2
78 150 7
78 155 5
78 172 7
78 176 2
78 185 8
78 192 1
78 193 7
78 196 9
78 198 2
78 200 9
78 202 5
78 221 1
78 224 4
78 235 2
78 243 4
78 260 4
78 261 3
78 266 4
78 272 9
78 280 5
78 298 9
79 32 7
79 34 4
79 35 1
79 40 3
79 41 7
79 46 6
79 57 9
79 61 4
79 67 7
79 69 3
79 85 6
79 87 4
79 90 2
79 94 5
79 96 6
79 98 5
79 99 9
79 110 8
79 116 1
79 119 9
79 123 7
79 138 9
79 153 9
79 155 2
79 157 9
79 169 9
79 172 5
79 180 9
79 187 3
79 229 2
79 239 2
79 253 2
79 257 10
79 275 3
79 276 5
79 277 3
79 288 2
79 296 4
80 4 6
80 6 8
80 18 4
80 19 9
80 32 7
80 42 6
80 60 6
80 80 5
80 92 10
80 105 7
80 109 6
80 110 2
80 113 1
80 126 4
80 138 6
80 141 9
80 152 9
80 154 4
80 160 9
80 162 10
80 171 8
80 175 5
80 177 2
80 192 7
80 193 9
80 200 2
80 204 2
80 206 2
80 228 8
80 232 8
80 234 3
80 241 7
80 243 8
80 247 7
80 254 7
80 257 8
80 267 5
80 273 6
80 281 8
80 286 3
80 296 9
81 2 7
81 6 10
81 13 6
81 29 3
81 36 8
81 43 5
81 46 7
81 59 4
81 65 7
81 70 6
81 78 9
81 80 1
81 82 5
81 86 5
81 98 9
81 120 10
81 132 4
81 141 4
81 143 9
81 149 7
81 156 3
81 226 6
81 231 4
81 246 4
81 251 6
81 267 2
81 268 1
82 2 7
82 11 6
82 16 5
82 20 9
82 24 9
82 35 1
82 36 9
82 40 3
82 52 4
82 54 4
82 69 3
82 71 7
82 75 2
82 79 6
82 81 6
82 109 1
82 112 9
82 122 7
82 125 3
82 127 5
82 140 8
82 143 10
82 157 5
82 169 7
82 182 3
82 193 8
82 208 5
82 222 10
82 247 7
82 261 6
82 274 5
82 288 9
82 289 1
83 22 1
83 26 5
83 29 7
83 51 3
83 58 9
83 59 9
83 60 5
83 96 7
83 102 6
83 112 3
83 122 7
83 136 1
83 162 2
83 202 1
83 214 5
83 240 1
83 249 10
83 278 7
83 285 4
84 0 1
84 14 5
84 19 4
84 20 6
84 32 2
84 54 1
84 58 8
84 65 2
84 73 8
84 92 1
84 105 2
84 121 2
84 124 4
84 160 2
84 191 10
84 196 8
84 198 5
84 210 3
84 214 4
84 220 2
84 226 1
84 230 4
84 236 10
84 240 4
84 245 6
84 262 2
84 268 1
84 280 3
84 283 6
84 288 10
84 295 5
84 299 1
85 12 1
85 15 9
85 23 2
85 32 2
85 36 9
85 55 3
85 85 7
85 93 9
85 94 3
85 95 4
85 111 4
85 122 6
85 127 8
85 140 7
85 147 3
85 159 10
85 168 3
85 175 9
85 186 10
85 187 9
85 191 1
85 204 5
85 223 9
85 235 6
85 237 1
85 242 7
85 252 8
85 258 7
85 260 5
85 271 7
85 290 1
85 296 8
86 11 2
86 13 9
86 15 3
86 17 5
86 25 1
86 30 6
86 38 6
86 52 10
86 58 4
86 66 5
86 79 4
86 101 8
86 107 6
86 109 9
86 139 7
86 147 9
86 156 7
86 157 6
86 165 7
86 178 7
86 192 9
86 194 6
86 201 7
86 222 8
86 228 7
86 229 2
86 242 2
86 261 3
86 266 8
86 274 4
86 296 5
86 299 5
87 2 6
87 4 2
87 42 3
87 60 6
87 68 1
87 82 8
87 87 10
87 95 8
87 100 8
87 104 7
87 111 5
87 117 8
87 138 9
87 151 10
87 156 3
87 168 8
87 169 10
87 171 1
87 183 9
87 185 3
87 192 3
87 222 5
87 234 6
87 238 7
87 241 8
87 243 3
87 247 1
87 271 4
87 276 8
87 278 1
87 279 7
87 288 7
87 291 1
88 4 7
88 16 6
88 27 1
88 34 5
88 36 3
88 40 7
88 44 4
88 47 7
88 58 2
88 72 3
88 74 8
88 83 10
88 88 7
88 92 2
88 101 8
88 104 8
88 109 8
88 111 3
88 114 9
88 128 8
88 143 6
88 147 8
88 155 4
88 157 6
88 175 6
88 178 5
88 197 9
88 200 1
88 209 3
88 210 8
88 216 4
88 219 6
88 220 6
88 231 9
88 232 10
88 234 9
88 237 5
88 238 3
88 240 7
88 270 10
88 276 9
88 289 2
88 295 5
89 7 6
89 16 8
89 22 10
89 68 1
89 74 1
89 83 4
89 110 9
89 117 2
89 121 10
89 128 5
89 130 2
89 142 6
89 147 4
89 154 1
89 155 2
89 158 7
89 161 3
89 163 9
89 193 2
89 211 4
89 214 4
89 237 5
89 239 10
89 245 1
89 266 3
89 274 2
89 283 9
89 290 1
89 294 5
89 295 1
89 297 1
90 9 5
90 22 3
90 25 10
90 31 3
90 51 8
90 54 8
90 58 7
90 73 9
90 92 2
90 94 4
90 104 10
90 107 10
90 137 3
90 143 1
90 146 5
90 166 1
90 194 6
90 199 4
90 206 1
90 209 5
90 216 4
90 224 9
90 247 5
90 249 2
90 260 6
90 265 8
90 267 1
90 281 4
91 8 9
91 18 3
91 24 9
91 25 10
91 30 8
91 36 7
91 39 3
91 45 3
91 49 3
91 58 5
91 61 10
91 72 7
91 75 7
91 79 1
91 86 2
91 117 2
91 128 3
91 157 5
91 161 6
91 169 3
91 179 9
91 188 8
91 198 7
91 206 10
91 215 5
91 229 5
91 233 10
91 240 9
91 254 5
91 268 2
91 274 2
91 287 10
91 294 10
92 1 6
92 6 9
92 14 7
92 25 2
92 29 7
92 36 4
92 40 7
92 51 10
92 61 8
92 66 1
92 70 5
92 73 7
92 77 5
92 91 3
92 93 1
92 94 4
92 105 6
92 166 5
92 171 5
92 183 3
92 205 4
92 228 8
92 240 5
92 243 9
92 249 2
92 275 6
92 281 4
92 295 4
93 65 6
93 70 6
93 93 6
93 110 6
93 112 4
93 116 9
93 117 7
93 124 6
93 131 9
93 142 3
93 143 8
93 155 7
93 162 9
93 181 5
93 228 3
93 233 9
93 240 3
93 245 5
93 248 8
93 251 1
93 256 10
93 262 8
93 267 6
93 286 4
94 11 10
94 19 8
94 22 9
94 24 6
94 54 7
94 69 7
94 99 10
94 100 1
94 122 3
94 133 8
94 137 8
94 144 8
94 149 10
94 181 10
94 185 3
94 186 10
94 211 1
94 218 8
94 228 3
94 229 7
94 242 2
94 252 8
94 254 5
94 263 2
94 269 10
94 273 2
94 278 7
94 289 9
94 299 2
95 11 2
95 24 4
95 34 3
95 35 1
95 44 9
95 46 7
95 57 6
95 59 1
95 61 6
95 80 6
95 83 3
95 95 2
95 102 4
95 104 1
95 105 3
95 111 10
95 118 8
95 120 1
95 125 9
95 141 3
95 156 10
95 158 4
95 171 10
95 185 10
95 186 6
95 192 8
95 200 9
95 201 10
95 206 10
95 218 10
95 230 9
95 241 2
95 244 7
95 250 2
95 260 6
95 273 6
95 279 8
95 289 8
95 290 4
95 298 6
96 7 6
96 17 7
96 26 1
96 47 1
96 54 4
96 68 1
96 76 7
96 82 7
96 104 6
96 129 9
96 135 7
96 140 6
96 143 4
96 160 5
96 163 8
96 166 5
96 176 1
96 181 6
96 182 1
96 183 6
96 194 9
96 195 7
96 214 10
96 216 9
96 223 7
96 227 5
96 233 8
96 237 7
96 238 1
96 246 9
96 255 3
96 270 10
96 273 9
96 278 9
96 281 2
97 17 6
97 18 8
97 26 4
97 30 1
97 32 3
97 37 1
97 39 10
97 40 9
97 47 7
97 53 10
97 77 1
97 87 9
97 96 3
97 105 5
97 109 9
97 117 5
97 119 5
97 159 9
97 160 1
97 161 10
97 162 9
97 165 2
97 175 10
97 177 9
97 191 1
97 202 5
97 216 5
97 218 8
97 229 2
97 244 8
97 253 8
97 257 2
97 261 9
97 269 6
97 287 2
98 20 9
98 30 2
98 33 5
98 39 2
98 44 7
98 46 7
98 47 4
98 48 1
98 72 4
98 75 6
98 88 10
98 96 10
98 105 3
98 113 7
98 118 9
98 143 1
98 146 9
98 157 4
98 159 3
98 167 1
98 186 2
98 192 2
98 221 5
98 223 1
98 238 8
98 272 7
98 278 9
98 289 6
98 295 1
98 298 5
99 7 9
99 10 4
99 19 8
99 20 7
99 29 6
99 30 6
99 37 5
99 53 8
99 68 10
99 92 3
99 96 4
99 144 3
99 146 4
99 161 1
99 166 6
99 179 8
99 182 7
99 187 2
99 213 2
99 215 10
99 216 3
99 226 4
99 258 1
99 262 1
99 269 3
99 296 8
100 1 10
100 15 8
100 30 4
100 54 5
100 55 3
100 70 9
100 75 8
100 77 6
100 92 2
100 94 5
100 102 3
100 110 1
100 123 3
100 129 10
100 138 10
100 172 9
100 182 3
100 190 8
100 194 8
100 200 3
100 212 9
100 222 10
100 243 1
100 250 9
100 256 3
100 269 5
100 281 9
100 297 10
101 0 4
101 4 5
101 7 4
101 22 3
101 32 9
101 37 2
101 38 4
101 46 2
101 52 7
101 62 6
101 64 7
101 71 1
101 75 5
101 91 2
101 92 4
101 94 1
101 97 8
101 115 8
101 122 2
101 123 6
101 124 7
101 167 4
101 173 6
101 179 10
101 184 3
101 197 1
101 210 6
101 233 9
101 245 3
101 252 4
101 256 10
101 272 10
101 276 8
101 285 2
101 298 10
102 18 5
102 32 10
102 36 7
102 44 8
102 49 9
102 55 2
102 73 7
102 81 5
102 84 2
102 104 9
102 110 3
102 125 4
102 129 6
102 133 3
102 153 3
102 155 9
102 156 5
102 187 4
102 204 10
102 207 4
102 209 8
102 211 6
102 220 6
102 230 7
102 234 3
102 251 10
102 253 6
102 260 6
102 273 9
102 280 2
102 283 2
102 284 9
102 285 7
102 295 4
102 297 2
103 0 1
103 14 8
103 15 3
103 21 2
103 26 6
103 32 6
103 42 8
103 69 8
103 76 6
103 124 7
103 138 1
103 150 5
103 154 8
103 197 3
103 204 6
103 210 10
103 225 9
103 226 1
103 230 3
103 240 3
103 241 3
103 258 7
103 267 1
103 282 4
103 297 10
104 10 4
104 14 3
104 43 6
104 44 3
104 47 2
104 54 6
104 64 1
104 100 6
104 101 6
104 103 4
104 107 5
104 109 4
104 113 6
104 115 2
104 121 1
104 128 2
104 133 1
104 138 1
104 159 3
104 164 5
104 165 10
104 167 9
104 172 7
104 178 8
104 200 8
104 211 8
104 220 2
104 227 9
104 228 6
104 260 1
104 288 7
104 290 6
105 1 1
105 18 5
105 74 1
105 91 5
105 93 3
105 95 1
105 102 9
105 103 6
105 109 10
105 114 9
105 119 2
105 145 6
105 153 10
105 167 1
105 170 9
105 230 6
105 233 5
105 245 5
105 254 1
105 256 8
105 266 9
105 267 7
105 268 9
105 286 2
105 297 10
106 11 9
106 13 7
106 84 3
106 92 1
106 97 2
106 98 9
106 100 9
106 114 3
106 123 9
106 132 3
106 148 5
106 157 2
106 162 1
106 191 3
106 194 1
106 197 6
106 225 8
106 228 8
106 240 5
106 261 6
106 264 10
106 277 1
107 7 7
107 11 8
107 63 8
107 72 1
107 74 9
107 85 8
107 93 5
107 125 3
107 131 7
107 141 3
107 152 7
107 177 10
107 181 8
107 225 3
107 232 6
107 249 9
107 256 8
107 275 9
107 277 2
107 287 6
108 5 3
108 7 8
108 8 6
108 11 7
108 18 10
108 36 3
108 44 4
108 52 3
108 59 2
108 68 1
108 75 7
108 83 3
108 132 10
108 135 5
108 146 2
108 150 2
108 151 5
108 156 4
108 165 9
108 168 1
108 193 9
108 207 1
108 263 2
108 264 2
108 274 3
108 275 10
108 298 7
109 7 5
109 21 4
109 65 3
109 76 8
109 99 10
109 106 8
109 113 7
109 116 5
109 131 1
109 167 2
109 194 7
109 213 10
109 215 4
109 226 1
109 227 1
109 234 1
109 235 1
109 268 6
109 280 4
109 283 10
109 287 8
109 288 5
109 289 7
110 19 9
110 24 10
110 28 4
110 43 4
110 55 3
110 64 9
110 70 7
110 89 1
110 91 6
110 112 2
110 115 5
110 118 6
110 125 7
110 126 3
110 134 3
110 138 3
110 147 4
110 172 6
110 178 4
110 183 4
110 185 1
110 193 1
110 206 9
110 219 2
110 220 1
110 251 10
110 267 8
110 274 6
110 280 7
111 4 8
111 15 1
111 31 3
111 38 1
111 45 3
111 50 1
111 62 5
111 63 6
111 65 4
111 67 4
111 77 7
111 78 9
111 79 3
111 82 7
111 86 10
111 87 2
111 92 5
111 93 6
111 108 8
111 133 10
111 135 6
111 142 3
111 147 10
111 148 5
111 165 7
111 170 9
111 172 3
111 176 5
111 187 7
111 197 1
111 203 6
111 209 1
111 235 6
111 238 1
111 244 10
111 246 5
111 279 6
111 287 10
112 15 3
112 30 3
112 33 5
112 37 5
112 39 6
112 62 10
112 67 2
112 78 5
112 85 5
112 94 8
112 102 5
112 106 9
112 108 2
112 109 3
112 132 7
112 133 3
112 138 6
112 150 3
112 157 5
112 158 2
112 166 7
112 194 3
112 198 2
112 204 1
112 214 9
112 222 3
112 278 6
112 285 4
112 293 8
113 11 2
113 17 8
113 43 3
113 48 10
113 76 10
113 122 8
113 129 1
113 135 8
113 148 6
113 151 2
113 158 5
113 180 1
113 199 9
113 216 5
113 226 3
113 235 4
113 237 7
113 241 5
113 248 5
113 253 10
113 264 4
113 268 4
113 287 9
113 290 5
113 292 4
113 295 4
114 4 10
114 22 2
114 30 7
114 40 6
114 45 8
114 57 6
114 59 7
114 61 5
114 66 10
114 74 10
114 78 4
114 82 3
114 90 10
114 103 3
114 104 8
114 114 5
114 131 8
114 135 1
114 151 2
114 155 3
114 164 9
114 173 9
114 194 9
114 211 7
114 216 10
114 231 6
114 240 5
114 261 2
114 276 8
114 278 3
114 292 7
114 299 9
115 3 5
115 9 2
115 13 7
115 17 6
115 19 4
115 30 1
115 32 9
115 37 1
115 44 5
115 57 9
115 68 7
115 72 2
115 83 10
115 95 5
115 107 4
115 109 6
115 147 4
115 148 8
115 156 7
115 159 7
115 165 4
115 202 8
115 219 3
115 235 4
115 244 3
115 267 7
116 12 1
116 36 2
116 44 4
116 48 6
116 52 5
116 63 9
116 65 10
116 73 5
116 78 1
116 84 4
116 112 2
116 114 9
116 115 3
116 130 8
116 138 4
116 147 3
116 153 6
116 158 6
116 159 7
116 164 5
116 179 4
116 194 7
116 197 7
116 208 10
116 235 9
116 238 3
116 243 1
116 256 6
116 260 3
116 264 9
116 268 7
116 280 10
116 284 1
116 293 9
117 0 2
117 1 6
117 18 3
117 22 2
117 30 9
117 33 2
117 54 3
117 61 9
117 93 2
117 94 4
117 112 10
117 119 5
117 124 1
117 197 10
117 209 10
117 229 5
117 241 6
117 244 8
117 245 10
117 248 9
117 253 1
117 254 8
117 259 4
117 269 5
117 273 3
117 287 5
118 5 8
118 13 7
118 19 6
118 54 10
118 59 3
118 66 3
118 82 3
118 106 6
118 119 10
118 126 5
118 134 5
118 158 1
118 169 9
118 177 9
118 194 8
118 204 3
118 225 1
118 238 1
118 244 4
118 257 8
118 264 1
118 272 1
118 277 10
118 279 8
118 283 2
118 296 9
119 5 6
119 6 2
119 27 5
119 31 3
119 42 2
119 47 8
119 51 6
119 53 1
119 62 1
119 77 10
119 85 3
119 101 8
119 106 3
119 108 8
119 110 9
119 121 9
119 136 1
119 142 10
119 163 2
119 169 4
119 176 7
119 184 2
119 193 9
119 201 8
119 202 2
119 226 4
119 232 10
119 239 5
119 241 1
119 242 7
119 249 8
119 250 10
119 255 4
119 263 8
119 267 1
119 272 3
119 277 4
120 8 8
120 15 9
120 38 8
120 47 8
120 49 5
120 54 4
120 77 6
120 92 9
120 126 6
120 130 7
120 132 4
120 134 3
120 156 9
120 160 1
120 165 10
120 169 7
120 172 3
120 181 9
120 191 7
120 216 8
120 236 4
120 243 8
120 252 8
120 284 5
121 1 1
121 11 10
121 13 8
121 26 7
121 53 2
121 55 8
121 57 5
121 64 7
121 76 1
121 80 6
121 82 1
121 84 10
121 91 3
121 111 6
121 132 8
121 137 4
121 142 6
121 144 9
121 147 6
121 149 3
121 157 5
121 165 4
121 176 8
121 179 8
121 180 10
121 226 6
121 244 3
121 257 6
121 260 4
121 279 7
121 280 1
121 291 4
121 299 6
122 5 4
122 6 7
122 8 3
122 13 6
122 20 7
122 30 5
122 41 10
122 89 5
122 108 4
122 118 2
122 123 6
122 127 6
122 129 9
122 132 8
122 148 4
122 153 6
122 177 1
122 179 4
122 202 4
122 212 6
122 241 9
122 251 10
122 262 3
122 267 5
122 269 10
122 276 2
122 282 4
122 283 6
122 294 9
123 7 9
123 13 1
123 14 2
123 23 1
123 43 7
123 47 4
123 54 9
123 59 5
123 62 4
123 70 3
123 78 4
123 99 3
123 111 1
123 112 6
123 113 1
123 153 8
123 180 1
123 182 6
123 194 9
123 196 6
123 201 7
123 204 4
123 223 3
123 237 9
123 247 5
123 248 1
123 265 9
123 274 3
123 278 6
123 281 8
124 2 8
124 6 8
124 37 4
124 41 5
124 70 10
124 76 2
124 78 7
124 85 5
124 93 9
124 98 7
124 100 9
124 107 1
124 126 3
124 133 10
124 158 6
124 160 3
124 162 10
124 164 5
124 172 2
124 194 4
124 219 8
124 221 6
124 222 9
124 227 2
124 229 1
124 234 4
124 237 1
124 241 4
124 242 8
124 253 8
124 259 1
124 260 9
124 265 6
124 294 5
124 296 7
125 10 10
125 15 6
125 16 2
125 22 3
125 27 7
125 28 6
125 31 9
125 41 9
125 49 7
125 59 2
125 67 4
125 73 4
125 77 10
125 81 9
125 84 9
125 86 9
125 98 6
125 99 10
125 108 8
125 139 3
125 153 4
125 157 6
125 164 6
125 165 4
125 169 9
125 174 9
125 180 1
125 184 10
125 186 8
125 191 10
125 196 9
125 207 7
125 226 7
125 248 5
125 251 5
125 258 6
125 262 3
125 279 1
125 290 8
125 292 1
126 3 5
126 28 4
126 32 3
126 40 8
126 44 8
126 45 4
126 49 2
126 55 7
126 58 6
126 59 8
126 61 9
126 66 5
126 70 8
126 77 8
126 93 6
126 97 9
126 128 9
126 130 3
126 142 3
126 162 9
126 165 4
126 177 3
126 186 7
126 197 6
126 215 5
126 216 1
126 218 8
126 246 8
126 247 7
126 262 8
126 268 8
126 279 3
126 296 7
127 0 6
127 19 9
127 21 8
127 24 3
127 48 2
127 53 3
127 109 2
127 111 6
127 118 3
127 136 8
127 141 7
127 183 7
127 192 9
127 204 7
127 209 10
127 217 9
127 229 2
127 244 8
127 246 10
127 250 7
127 265 10
127 275 5
127 277 8
127 292 4
127 296 2
128 16 2
128 23 4
128 24 10
128 32 3
128 36 4
128 40 7
128 59 2
128 69 5
128 80 10
128 81 10
128 105 4
128 117 5
128 122 1
128 164 3
128 167 9
128 181 5
128 191 2
128 198 1
128 204 5
128 215 7
128 217 6
128 240 4
128 249 8
128 250 4
128 255 7
128 257 4
128 260 8
128 266 1
128 276 1
128 284 8
128 286 3
128 297 5
129 4 6
129 21 4
129 35 4
129 59 7
129 64 2
129 78 4
129 80 4
129 81 8
129 88 4
129 121 2
129 123 1
129 154 7
129 158 10
129 170 8
129 172 6
129 176 7
129 184 2
129 185 1
129 207 8
129 215 9
129 216 7
129 222 7
129 244 7
129 247 5
129 248 2
129 252 1
129 255 10
129 265 7
129 268 1
129 270 3
129 277 1
129 282 2
129 291 3
130 7 3
130 16 3
130 19 2
130 25 1
130 31 8
130 33 1
130 58 3
130 80 2
130 95 8
130 96 6
130 99 2
130 115 3
130 119 3
130 146 7
130 154 3
130 156 7
130 161 10
130 175 6
130 192 10
130 197 8
130 209 6
130 240 8
130 261 8
130 266 7
130 281 4
130 294 3
131 5 8
131 22 8
131 27 7
131 39 2
131 51 6
131 54 2
131 61 1
131 64 10
131 71 6
131 72 2
131 74 3
131 82 4
131 85 5
131 106 10
131 116 8
131 125 7
131 127 3
131 136 4
131 139 5
131 152 1
131 162 2
131 166 2
131 171 9
131 181 8
131 203 1
131 211 2
131 214 2
131 216 8
131 224 2
131 237 4
131 255 3
131 273 4
131 276 7
131 286 8
132 10 5
132 14 9
132 17 4
132 20 9
132 32 9
132 36 5
132 43 10
132 47 7
132 82 9
132 92 3
132 93 3
132 100 5
132 109 6
132 110 10
132 126 5
132 137 4
132 143 6
132 145 7
132 159 9
132 160 4
132 161 5
132 166 6
132 169 6
132 192 7
132 199 9
132 203 8
132 205 5
132 214 5
132 240 6
132 260 4
132 263 4
132 268 8
132 269 1
132 283 6
132 292 2
132 293 10
133 6 5
133 14 7
133 15 6
133 21 5
133 23 3
133 46 1
133 58 1
133 67 6
133 76 6
133 77 9
133 91 8
133 113 9
133 121 9
133 123 9
133 131 4
133 142 3
133 143 10
133 153 4
133 169 7
133 174 9
133 184 2
133 188 2
133 208 1
133 223 10
133 227 8
133 258 8
133 262 10
134 4 10
134 7 7
134 9 6
134 21 2
134 38 4
134 42 9
134 50 10
134 53 1
134 69 5
134 70 8
134 78 9
134 92 5
134 102 10
134 112 1
134 116 9
134 118 8
134 125 9
134 134 9
134 159 10
134 166 3
134 173 7
134 175 3
134 180 7
134 200 9
134 215 8
134 223 4
134 235 8
134 238 6
134 254 3
134 255 10
134 258 1
134 262 8
134 265 5
134 291 8
135 29 8
135 35 8
135 48 10
135 64 6
135 66 5
135 68 2
135 102 1
135 110 6
135 125 10
135 126 3
135 127 6
135 137 1
135 139 3
135 143 6
135 148 9
135 171 4
135 193 5
135 198 7
135 204 2
135 207 8
135 221 8
135 238 6
135 251 6
135 255 5
135 260 2
135 272 2
136 1 4
136 8 6
136 18 10
136 25 4
136 31 3
136 36 5
136 60 6
136 61 4
136 63 5
136 70 9
136 72 9
136 77 10
136 83 7
136 105 9
136 106 3
136 107 6
136 112 2
136 120 9
136 123 3
136 136 6
136 137 7
136 172 8
136 178 6
136 203 7
136 210 5
136 214 4
136 241 6
136 242 4
136 244 7
136 251 9
136 256 2
136 259 5
136 274 8
136 275 1
137 2 5
137 11 8
137 13 10
137 14 4
137 23 3
137 27 4
137 43 8
137 57 5
137 59 10
137 60 2
137 62 10
137 68 5
137 69 6
137 71 3
137 77 2
137 82 8
137 84 3
137 88 3
137 137 5
137 150 4
137 160 9
137 162 8
137 166 9
137 169 1
137 177 10
137 195 9
137 216 9
137 233 6
137 250 10
137 257 6
137 262 3
137 264 5
137 267 4
137 272 8
137 276 3
137 280 4
137 292 8
137 293 2
137 299 10
138 2 7
138 3 9
138 24 5
138 34 8
138 36 10
138 41 8
138 49 6
138 60 6
138 63 10
138 67 7
138 77 9
138 78 5
138 94 1
138 102 5
138 104 8
138 163 4
138 171 7
138 174 4
138 178 9
138 190 3
138 212 7
138 215 9
138 223 1
138 233 6
138 235 1
138 250 1
138 271 3
138 272 3
138 282 3
138 283 1
139 7 8
139 8 2
139 18 9
139 45 9
139 46 2
139 60 8
139 71 2
139 85 6
139 89 3
139 101 1
139 105 6
139 130 8
139 143 1
139 146 3
139 150 10
139 152 5
139 157 10
139 162 2
139 165 6
139 168 4
139 173 10
139 195 7
139 197 2
139 199 7
139 204 7
139 206 6
139 208 1
139 210 1
139 217 4
139 218 5
139 236 5
139 240 1
139 247 2
139 249 8
139 262 3
139 266 3
139 272 9
139 279 4
139 287 10
140 2 3
140 7 2
140 10 1
140 30 10
140 43 8
140 47 4
140 52 9
140 58 9
140 74 7
140 77 3
140 85 4
140 102 1
140 104 9
140 138 7
140 157 9
140 168 6
140 175 9
140 187 6
140 198 9
140 207 5
140 228 3
140 237 5
140 238 3
140 250 7
140 261 5
140 263 2
140 269 10
140 278 5
140 286 5
141 5 9
141 51 1
141 55 3
141 59 1
141 60 7
141 80 10
141 94 2
141 113 9
141 141 5
141 193 4
141 198 7
141 206 6
141 216 9
141 217 6
141 223 3
141 230 3
141 246 8
141 247 4
141 252 6
141 274 6
141 277 2
141 283 1
141 289 7
142 0 6
142 2 1
142 7 7
142 8 8
142 9 8
142 19 6
142 24 10
142 33 1
142 42 4
142 49 10
142 59 1
142 64 9
142 69 7
142 71 3
142 81 10
142 91 1
142 94 5
142 99 8
142 103 1
142 119 2
142 156 2
142 164 1
142 172 10
142 176 9
142 187 8
142 198 5
142 200 9
142 202 10
142 207 3
142 212 3
142 213 4
142 216 1
142 222 10
142 223 8
142 230 7
142 239 2
142 244 10
142 257 3
142 266 10
142 276 4
142 280 9
142 293 7
143 2 4
143 7 5
143 13 4
143 14 3
143 15 5
143 16 8
143 25 5
143 33 4
143 37 7
143 54 10
143 65 3
143 75 1
143 77 10
143 94 2
143 95 3
143 98 3
143 104 10
143 112 3
143 113 7
143 128 6
143 137 9
143 143 3
143 146 6
143 164 1
143 185 9
143 189 5
143 202 4
143 224 5
143 232 8
143 241 8
143 243 3
143 280 9
143 295 8
143 296 9
144 1 7
144 14 8
144 19 2
144 21 7
144 66 3
144 69 8
144 83 8
144 102 4
144 121 2
144 123 5
144 127 5
144 129 7
144 143 3
144 149 5
144 186 9
144 200 8
144 204 3
144 213 2
144 257 1
144 275 7
144 281 2
144 291 3
145 0 2
145 14 6
145 31 3
145 39 5
145 47 7
145 48 5
145 49 3
145 58 2
145 68 7
145 69 2
145 72 3
145 92 3
145 107 8
145 125 2
145 131 5
145 141 10
145 142 5
145 144 8
145 145 3
145 147 5
145 159 1
145 186 5
145 194 3
145 200 8
145 204 10
145 214 7
145 245 6
145 247 8
145 251 6
145 278 2
145 279 5
145 287 5
146 0 7
146 10 4
146 11 8
146 14 9
146 42 7
146 51 8
146 67 3
146 97 6
146 119 8
146 120 2
146 121 2
146 124 8
146 131 7
146 137 4
146 149 9
146 155 3
146 170 5
146 203 2
146 211 5
146 214 8
146 217 2
146 229 2
146 235 2
146 240 1
146 276 9
146 277 3
146 279 6
146 285 1
147 4 9
147 11 6
147 15 9
147 40 6
147 42 9
147 48 6
147 54 7
147 55 5
147 57 8
147 59 1
147 64 7
147 99 2
147 103 8
147 133 5
147 136 10
147 142 4
147 145 2
147 152 10
147 156 9
147 167 8
147 168 4
147 169 1
147 187 4
147 189 3
147 191 7
147 216 6
147 243 7
147 248 6
147 253 2
147 255 4
147 260 4
147 267 10
147 271 9
147 283 2
148 29 8
148 32 4
148 50 9
148 56 2
148 63 6
148 73 5
148 79 7
148 90 2
148 91 3
148 109 6
148 110 9
148 121 10
148 123 4
148 130 5
148 139 1
148 154 7
148 168 3
148 188 4
148 203 1
148 205 10
148 213 7
148 231 2
148 237 7
148 246 9
148 262 6
148 268 7
148 280 10
148 282 7
148 297 9
148 298 7
149 2 8
149 13 10
149 31 8
149 39 10
149 44 1
149 48 7
149 56 3
149 64 7
149 99 6
149 114 3
149 115 4
149 123 4
149 134 6
149 141 10
149 143 4
149 144 6
149 149 10
149 155 7
149 165 4
149 178 5
149 195 10
149 208 9
149 215 2
149 237 5
149 260 9
149 291 10
149 292 2
149 293 3
149 297 6
150 12 8
150 20 2
150 33 3
150 40 9
150 42 10
150 47 5
150 59 1
150 80 6
150 82 9
150 85 2
150 98 7
150 108 5
150 123 2
150 129 5
150 138 4
150 146 9
150 153 10
150 156 8
150 181 4
150 186 10
150 200 10
150 230 1
150 235 5
150 241 7
150 243 4
150 248 2
150 276 10
150 291 6
151 36 5
151 48 2
151 49 9
151 80 3
151 91 10
151 122 5
151 134 4
151 144 4
151 156 2
151 168 5
151 182 5
151 184 2
151 196 6
151 206 10
151 207 4
151 220 10
151 222 6
151 236 2
151 240 3
151 241 7
151 248 5
151 257 4
151 274 10
152 21 7
152 36 8
152 41 1
152 48 5
152 50 3
152 64 3
152 81 2
152 84 3
152 120 1
152 124 2
152 136 7
152 150 1
152 166 3
152 176 9
152 177 4
152 198 6
152 228 3
152 259 5
152 262 4
152 265 6
152 272 8
152 282 5
152 296 8
153 2 4
153 7 7
153 13 4
153 19 9
153 28 9
153 31 5
153 41 1
153 43 6
153 46 1
153 52 5
153 56 5
153 59 5
153 69 10
153 79 10
153 94 10
153 97 5
153 124 5
153 131 1
153 142 4
153 157 5
153 162 5
153 165 9
153 169 5
153 170 4
153 172 5
153 190 3
153 209 3
153 215 2
153 222 10
153 232 6
153 243 8
153 280 7
153 285 7
154 7 9
154 37 4
154 41 9
154 43 2
154 51 6
154 60 8
154 79 10
154 80 8
154 81 8
154 88 9
154 90 3
154 111 1
154 120 1
154 125 8
154 131 1
154 164 4
154 181 2
154 227 1
154 234 10
154 249 9
154 256 7
154 267 9
154 268 8
154 273 9
154 279 8
154 281 3
154 293 2
155 6 1
155 7 4
155 44 5
155 57 8
155 62 4
155 81 6
155 86 4
155 94 8
155 106 5
155 108 5
155 117 8
155 133 7
155 177 4
155 187 10
155 188 5
155 192 9
155 199 1
155 200 2
155 228 6
155 234 4
155 258 2
155 265 5
155 267 6
155 278 9
155 286 8
156 6 6
156 10 5
156 28 1
156 33 10
156 50 6
156 57 2
156 72 8
156 78 3
156 80 5
156 101 2
156 102 10
156 103 7
156 106 4
156 116 10
156 133 10
156 163 9
156 190 10
156 194 10
156 195 3
156 196 8
156 220 4
156 222 2
156 234 10
156 246 10
156 263 10
156 272 6
156 273 4
156 277 10
156 290 4
156 298 2
157 10 10
157 18 6
157 30 5
157 40 5
157 47 1
157 52 2
157 53 6
157 54 10
157 106 10
157 108 7
157 114 8
157 129 7
157 132 4
157 133 7
157 143 1
157 170 7
157 178 8
157 217 1
157 227 1
157 229 5
157 244 4
157 246 5
157 250 4
157 276 5
158 1 1
158 22 7
158 23 9
158 37 8
158 51 5
158 61 3
158 64 6
158 70 6
158 93 10
158 95 4
158 97 9
158 98 6
158 103 8
158 111 3
158 114 1
158 128 6
158 133 3
158 135 10
158 160 9
158 165 7
158 180 5
158 181 7
158 204 3
158 222 5
158 230 6
158 248 5
158 261 3
158 285 6
158 294 8
159 1 6
159 12 10
159 26 8
159 27 8
159 28 5
159 38 10
159 41 4
159 55 7
159 71 9
159 91 4
159 93 2
159 104 5
159 105 3
159 122 2
159 124 9
159 126 7
159 135 3
159 137 3
159 144 5
159 149 5
159 156 1
159 198 1
159 200 9
159 212 3
159 214 9
159 216 3
159 233 2
159 235 6
159 275 9
159 280 5
159 284 10
160 5 7
160 7 7
160 10 2
160 13 4
160 17 10
160 33 6
160 54 10
160 57 2
160 65 8
160 77 4
160 85 3
160 91 7
160 92 9
160 95 2
160 105 3
160 120 2
160 121 9
160 131 8
160 133 8
160 134 2
160 135 8
160 142 2
160 150 7
160 154 6
160 193 1
160 216 6
160 217 2
160 234 8
160 253 8
160 255 8
160 260 3
160 295 10
160 296 10
161 3 6
161 11 5
161 24 9
161 30 1
161 32 2
161 35 4
161 53 2
161 100 6
161 106 2
161 110 8
161 120 1
161 127 9
161 129 1
161 154 7
161 167 9
161 182 8
161 185 2
161 189 1
161 209 7
161 212 10
161 216 5
161 222 7
161 227 10
161 251 6
161 258 6
161 272 2
161 278 3
161 283 1
161 284 1
162 0 3
162 6 9
162 10 2
162 13 7
162 29 5
162 35 9
162 38 7
162 49 6
162 55 2
162 56 2
162 78 6
162 91 9
162 105 2
162 112 8
162 128 5
162 161 4
162 209 9
162 218 5
162 219 4
162 224 8
162 229 9
162 233 6
162 253 2
162 257 10
162 258 1
162 281 3
162 284 6
162 287 5
163 32 3
163 37 7
163 44 3
163 57 3
163 58 7
163 59 1
163 64 6
163 67 4
163 68 3
163 69 8
163 73 6
163 75 3
163 85 10
163 87 8
163 106 8
163 107 9
163 130 8
163 140 6
163 144 5
163 164 3
163 170 3
163 190 6
163 223 1
163 260 2
163 265 9
163 275 3
163 287 6
163 289 7
164 1 5
164 22 6
164 41 7
164 48 3
164 78 6
164 83 4
164 85 8
164 95 2
164 99 2
164 112 6
164 114 1
164 123 3
164 131 1
164 134 8
164 135 4
164 158 2
164 161 6
164 165 8
164 168 8
164 187 4
164 191 3
164 196 10
164 198 10
164 213 2
164 217 4
164 243 1
164 251 3
164 257 8
164 263 10
164 268 4
164 270 7
164 272 2
164 285 4
164 291 8
164 292 7
165 12 5
165 18 10
165 27 3
165 34 10
165 39 5
165 55 8
165 61 7
165 63 8
165 66 4
165 67 9
165 87 9
165 95 6
165 100 10
165 106 9
165 110 5
165 133 8
165 135 6
165 144 5
165 152 2
165 157 5
165 158 4
165 164 1
165 167 3
165 174 7
165 175 10
165 196 7
165 231 3
165 245 3
165 257 5
165 267 5
165 284 10
165 287 3
165 290 1
165 296 10
165 299 5
166 25 4
166 36 6
166 40 10
166 61 4
166 83 1
166 89 9
166 121 3
166 122 4
166 123 6
166 128 6
166 137 1
166 150 1
166 153 1
166 162 6
166 165 8
166 168 10
166 171 7
166 177 5
166 180 2
166 190 5
166 191 4
166 201 4
166 211 4
166 214 6
166 234 5
166 252 8
166 278 9
166 283 10
167 9 2
167 15 3
167 17 6
167 56 10
167 66 1
167 72 8
167 94 9
167 112 5
167 117 6
167 118 3
167 132 6
167 135 9
167 164 3
167 166 2
167 186 8
167 188 5
167 193 8
167 213 6
167 223 10
167 237 3
167 252 9
167 255 1
167 273 6
167 279 10
167 291 1
167 293 4
168 1 3
168 6 10
168 32 6
168 46 1
168 51 7
168 66 4
168 72 4
168 74 7
168 82 4
168 86 9
168 87 2
168 88 6
168 90 8
168 104 8
168 112 7
168 122 7
168 124 2
168 132 5
168 140 8
168 145 1
168 153 7
168 161 2
168 166 9
168 173 6
168 194 7
168 220 3
168 221 10
168 226 4
168 230 9
168 234 5
168 240 1
168 242 6
168 244 10
168 247 5
168 255 5
168 262 7
168 263 7
168 267 2
168 273 7
168 278 4
168 279 3
169 3 4
169 46 9
169 47 5
169 51 9
169 52 8
169 55 2
169 84 9
169 137 4
169 141 10
169 142 3
169 165 9
169 172 10
169 174 3
169 182 8
169 190 8
169 194 4
169 195 2
169 196 10
169 208 4
169 222 4
169 231 4
169 232 9
169 245 3
169 246 5
169 248 2
169 257 3
169 260 3
169 283 10
169 295 2
170 4 6
170 10 8
170 12 7
170 19 3
170 40 9
170 43 7
170 44 3
170 47 10
170 70 2
170 73 6
170 79 2
170 81 3
170 91 4
170 97 6
170 104 3
170 123 2
170 130 8
170 135 6
170 136 9
170 145 7
170 147 1
170 157 7
170 160 1
170 172 2
170 181 2
170 185 4
170 212 1
170 216 7
170 229 3
170 243 3
170 257 7
170 263 4
170 269 9
170 289 5
170 293 10
170 299 2
171 1 1
171 2 1
171 39 9
171 49 7
171 56 10
171 64 4
171 83 3
171 87 5
171 92 7
171 94 4
171 109 1
171 132 1
171 134 2
171 146 9
171 153 4
171 158 8
171 191 5
171 200 3
171 219 5
171 221 6
171 238 6
171 246 5
171 248 6
171 254 10
171 296 2
171 299 9
172 1 1
172 3 6
172 22 9
172 31 9
172 35 1
172 38 10
172 44 9
172 47 7
172 49 3
172 71 8
172 73 7
172 76 6
172 77 5
172 80 2
172 81 3
172 82 2
172 86 4
172 105 9
172 108 10
172 128 5
172 129 9
172 137 5
172 145 6
172 185 9
172 204 2
172 214 2
172 216 1
172 223 3
172 224 2
172 225 6
172 230 10
172 243 7
172 259 7
172 277 7
172 280 2
172 287 7
173 6 6
173 36 6
173 40 2
173 46 5
173 47 3
173 55 9
173 62 9
173 65 5
173 67 5
173 70 7
173 73 5
173 75 9
173 118 5
173 122 9
173 129 7
173 132 3
173 135 7
173 145 5
173 149 5
173 174 10
173 208 1
173 214 8
173 215 8
173 219 7
173 237 8
173 242 3
173 244 9
173 247 3
173 259 8
173 287 5
173 295 3
174 8 1
174 10 9
174 39 8
174 45 10
174 47 2
174 55 5
174 56 2
174 68 10
174 80 6
174 82 2
174 86 10
174 88 4
174 89 5
174 91 10
174 98 1
174 107 3
174 141 5
174 148 9
174 152 3
174 155 1
174 182 6
174 193 2
174 204 10
174 209 5
174 211 7
174 213 9
174 239 9
174 240 5
174 243 4
174 250 7
174 254 8
174 274 4
175 2 5
175 3 3
175 15 7
175 27 1
175 34 8
175 45 8
175 61 5
175 68 7
175 72 1
175 74 5
175 84 7
175 100 2
175 111 7
175 116 10
175 121 5
175 126 5
175 150 7
175 161 7
175 179 3
175 188 4
175 194 10
175 197 1
175 209 10
175 217 8
175 231 8
175 233 5
175 239 8
175 274 6
175 276 6
175 286 8
175 290 10
175 293 7
176 1 9
176 12 9
176 16 1
176 23 7
176 39 1
176 41 6
176 44 2
176 57 5
176 71 7
176 88 7
176 114 4
176 132 6
176 133 2
176 157 6
176 160 3
176 161 10
176 173 5
176 208 10
176 209 5
176 232 7
176 235 10
176 251 7
176 260 3
176 261 5
176 264 4
176 266 5
176 274 4
176 277 9
176 291 3
177 15 2
177 20 8
177 24 8
177 40 9
177 54 3
177 59 8
177 72 10
177 85 3
177 87 6
177 101 9
177 110 10
177 112 1
177 122 2
177 127 1
177 134 8
177 135 3
177 136 1
177 144 10
177 148 8
177 149 9
177 154 7
177 165 6
177 177 6
177 179 5
177 185 9
177 201 5
177 210 9
177 220 2
177 227 5
177 250 10
177 252 9
177 260 2
177 263 8
177 272 6
177 282 6
178 2 4
178 17 6
178 21 3
178 27 6
178 48 5
178 53 6
178 57 10
178 77 9
178 81 7
178 90 7
178 93 1
178 133 5
178 139 4
178 142 6
178 164 9
178 187 7
178 219 1
178 235 2
178 266 4
178 271 4
178 285 7
178 287 3
178 293 5
178 295 10
179 7 8
179 23 1
179 39 1
179 48 5
179 54 4
179 65 5
179 72 6
179 77 10
179 83 5
179 98 1
179 107 3
179 118 4
179 119 6
179 121 2
179 123 6
179 128 9
179 134 6
179 143 1
179 154 5
179 172 4
179 181 10
179 187 10
179 188 1
179 192 7
179 197 10
179 201 5
179 202 10
179 219 8
179 230 2
179 252 7
179 254 8
179 267 7
179 269 6
179 276 4
179 288 1
179 290 1
179 297 5
180 1 3
180 4 9
180 5 5
180 13 10
180 34 6
180 49 9
180 51 10
180 53 4
180 54 9
180 55 3
180 56 10
180 69 8
180 92 5
180 108 9
180 144 1
180 197 5
180 200 6
180 207 2
180 214 6
180 222 9
180 225 10
180 235 1
180 244 3
180 261 7
180 264 5
180 266 10
180 274 10
180 298 9
181 7 4
181 15 7
181 18 7
181 24 5
181 31 1
181 51 1
181 56 10
181 65 10
181 66 9
181 70 8
181 80 10
181 92 3
181 111 4
181 114 8
181 138 9
181 154 7
181 159 7
181 189 1
181 195 5
181 199 10
181 220 10
181 248 10
181 250 10
181 262 10
181 286 4
181 291 1
181 299 4
182 7 1
182 12 6
182 30 6
182 41 4
182 44 8
182 46 2
182 47 2
182 49 2
182 64 10
182 78 8
182 96 7
182 108 2
182 112 4
182 126 8
182 146 8
182 148 4
182 163 1
182 167 3
182 168 8
182 172 7
182 177 5
182 179 8
182 182 6
182 200 9
182 207 1
182 213 7
182 221 3
182 228 2
182 229 3
182 241 4
182 248 6
182 262 9
182 264 4
182 268 10
182 286 4
182 291 9
182 295 1
183 33 7
183 43 7
183 61 3
183 65 2
183 80 3
183 84 8
183 93 3
183 94 7
183 100 6
183 121 3
183 122 4
183 125 9
183 131 10
183 134 6
183 148 9
183 153 7
183 165 6
183 181 2
183 186 8
183 193 6
183 204 9
183 206 3
183 211 1
183 213 8
183 232 2
183 234 7
183 239 1
183 240 10
183 246 6
183 249 9
183 260 6
183 271 1
183 274 3
183 287 7
183 297 5
184 7 6
184 8 2
184 14 4
184 15 4
184 19 1
184 27 3
184 45 6
184 53 10
184 90 5
184 94 2
184 107 1
184 132 3
184 143 7
184 149 3
184 160 8
184 165 7
184 172 10
184 174 1
184 175 4
184 190 1
184 192 3
184 197 10
184 203 7
184 245 10
184 253 8
184 259 7
184 271 1
184 275 7
184 277 1
184 285 5
184 289 2
184 299 4
185 5 10
185 33 3
185 35 10
185 39 9
185 54 4
185 80 9
185 136 8
185 137 3
185 138 1
185 159 1
185 161 8
185 164 7
185 172 8
185 175 7
185 179 2
185 187 4
185 208 7
185 218 9
185 221 2
185 225 2
185 229 4
185 231 6
185 234 1
185 248 1
185 252 2
185 253 4
185 270 4
185 274 3
185 277 6
185 279 9
185 281 3
185 290 4
186 3 1
186 8 5
186 11 8
186 19 10
186 36 1
186 41 5
186 55 6
186 63 9
186 76 1
186 77 8
186 109 9
186 123 4
186 164 4
186 169 9
186 172 6
186 173 3
186 198 2
186 208 10
186 246 6
186 267 10
186 271 7
186 274 5
186 278 8
186 286 8
187 8 3
187 34 7
187 35 2
187 44 4
187 55 9
187 71 1
187 72 3
187 73 5
187 85 1
187 87 2
187 93 5
187 111 3
187 115 2
187 124 5
187 134 5
187 160 2
187 161 2
187 180 5
187 186 3
187 188 6
187 197 7
187 233 10
187 235 8
187 239 8
187 240 2
187 241 5
187 249 2
187 257 1
187 269 3
187 281 10
188 1 2
188 9 8
188 34 10
188 36 7
188 52 6
188 53 3
188 61 1
188 62 7
188 72 10
188 105 9
188 117 4
188 145 10
188 149 9
188 153 4
188 154 6
188 158 8
188 182 1
188 202 5
188 220 10
188 223 7
188 225 5
188 226 7
188 264 8
188 287 2
188 288 6
188 290 5
189 4 9
189 19 10
189 24 3
189 29 1
189 36 1
189 44 7
189 46 5
189 57 5
189 63 2
189 67 7
189 81 7
189 102 2
189 111 7
189 119 3
189 127 9
189 141 10
189 144 8
189 153 7
189 160 7
189 193 8
189 209 2
189 222 2
189 226 9
189 231 9
189 245 8
189 248 5
189 249 8
189 279 8
190 1 10
190 7 10
190 8 8
190 16 7
190 19 1
190 20 4
190 28 5
190 81 1
190 84 3
190 91 3
190 95 4
190 104 1
190 142 5
190 154 7
190 193 6
190 213 4
190 242 9
190 260 3
190 268 9
190 277 2
190 284 8
190 287 1
190 289 5
191 3 5
191 11 4
191 20 9
191 23 10
191 33 3
191 40 8
191 57 1
191 66 8
191 82 10
191 83 9
191 87 2
191 90 6
191 99 2
191 122 1
191 135 2
191 141 6
191 163 8
191 174 10
191 175 9
191 178 3
191 179 3
191 183 4
191 196 4
191 206 8
191 238 3
191 239 1
191 245 2
191 266 2
191 279 6
191 283 6
191 285 4
191 297 1
192 3 6
192 50 6
192 51 2
192 60 10
192 65 3
192 66 6
192 69 3
192 114 6
192 115 10
192 123 8
192 133 2
192 165 4
192 181 1
192 187 9
192 194 5
192 208 7
192 211 3
192 218 7
192 223 8
192 227 7
192 236 5
192 294 2
193 17 5
193 24 9
193 27 2
193 29 8
193 41 7
193 66 9
193 75 6
193 92 3
193 103 5
193 115 6
193 120 8
193 135 2
193 148 9
193 151 5
193 173 1
193 177 1
193 184 5
193 187 6
193 200 2
193 226 6
193 231 2
193 233 5
193 234 9
193 240 7
193 260 2
193 263 4
193 264 10
193 267 4
193 269 10
193 272 1
193 279 5
193 289 4
194 13 7
194 40 1
194 50 9
194 67 10
194 78 2
194 80 7
194 102 1
194 129 7
194 147 8
194 150 5
194 152 10
194 157 2
194 161 1
194 162 1
194 176 8
194 202 2
194 213 4
194 214 1
194 218 9
194 222 3
194 226 1
194 247 2
194 248 2
194 261 3
194 267 2
194 275 10
194 278 2
194 281 4
194 284 7
194 290 2
194 299 7
195 5 4
195 21 3
195 38 4
195 45 4
195 46 10
195 56 2
195 67 1
195 91 4
195 99 1
195 109 1
195 111 3
195 125 2
195 131 9
195 143 6
195 163 8
195 171 5
195 182 10
195 183 2
195 196 4
195 203 1
195 206 9
195 212 1
195 226 8
195 230 5
195 233 5
195 236 7
195 242 2
195 256 1
195 270 3
195 278 4
195 282 2
195 284 4
195 285 8
196 8 8
196 13 7
196 15 4
196 19 3
196 27 7
196 31 6
196 32 6
196 35 5
196 43 5
196 61 8
196 68 6
196 81 3
196 90 5
196 95 1
196 114 7
196 143 9
196 145 1
196 157 7
196 173 1
196 196 5
196 199 4
196 201 6
196 225 6
196 228 8
196 242 2
196 254 4
196 283 6
197 12 1
197 18 4
197 25 1
197 29 2
197 51 9
197 54 3
197 55 7
197 72 4
197 74 10
197 78 6
197 83 6
197 85 10
197 86 1
197 95 1
197 98 7
197 101 4
197 106 1
197 112 9
197 123 8
197 128 10
197 132 7
197 136 6
197 152 5
197 154 8
197 171 2
197 180 4
197 183 7
197 186 6
197 190 1
197 194 9
197 205 9
197 206 5
197 207 5
197 232 8
197 240 4
197 259 10
197 261 2
197 268 8
197 269 6
197 282 1
197 283 9
197 299 4
198 10 6
198 15 6
198 43 4
198 45 10
198 46 6
198 49 5
198 61 2
198 105 2
198 130 1
198 137 7
198 143 5
198 147 1
198 148 3
198 151 1
198 165 5
198 167 2
198 174 5
198 188 8
198 201 5
198 204 1
198 211 4
198 227 10
198 236 9
198 255 9
198 257 1
198 264 8
198 267 8
198 275 2
198 283 5
198 294 5
198 295 8
199 16 5
199 24 7
199 32 6
199 35 6
199 45 3
199 72 4
199 77 1
199 84 7
199 88 5
199 93 3
199 95 5
199 98 6
199 105 4
199 113 5
199 118 10
199 128 9
199 140 6
199 142 10
199 150 10
199 151 6
199 166 7
199 177 8
199 200 6
199 206 4
199 250 2
199 257 4
199 281 9
200 24 6
200 31 3
200 36 10
200 43 10
200 64 9
200 90 7
200 91 9
200 116 6
200 118 8
200 125 4
200 132 6
200 145 2
200 146 2
200 148 5
200 180 5
200 182 3
200 188 3
200 196 8
200 224 6
200 242 10
200 247 2
200 257 6
200 281 6
200 285 2
200 287 10
200 288 1
201 16 4
201 18 3
201 44 9
201 47 2
201 50 8
201 74 1
201 78 2
201 85 6
201 88 2
201 108 4
201 117 5
201 129 10
201 132 9
201 153 2
201 154 3
201 166 7
201 167 10
201 171 4
201 174 8
201 188 1
201 192 1
201 195 8
201 218 5
201 242 3
201 250 1
201 252 7
201 255 9
201 269 1
201 272 4
201 277 8
201 282 9
202 15 10
202 24 10
202 30 7
202 36 1
202 48 10
202 61 3
202 77 6
202 87 9
202 115 10
202 120 8
202 138 1
202 144 6
202 157 5
202 164 1
202 175 7
202 180 6
202 196 6
202 199 5
202 211 9
202 244 7
202 248 10
202 255 1
202 260 10
202 273 1
202 299 9
203 3 6
203 8 7
203 15 2
203 17 4
203 43 9
203 49 2
203 69 4
203 72 3
203 83 3
203 101 10
203 105 6
203 109 9
203 112 2
203 115 8
203 117 1
203 130 5
203 131 6
203 133 3
203 149 7
203 152 3
203 158 2
203 184 8
203 185 10
203 188 6
203 202 2
203 242 6
203 258 3
203 273 7
203 297 9
204 3 5
204 6 5
204 13 7
204 31 9
204 33 3
204 36 9
204 42 2
204 51 3
204 53 1
204 55 5
204 60 5
204 64 8
204 69 7
204 80 2
204 86 5
204 90 9
204 94 7
204 116 9
204 123 1
204 131 6
204 146 7
204 149 8
204 160 10
204 181 10
204 190 2
204 192 6
204 207 9
204 211 8
204 213 5
204 219 6
204 226 3
204 227 7
204 263 5
204 265 10
204 270 8
204 273 3
204 274 7
204 294 8
204 299 6
205 7 6
205 9 1
205 25 1
205 47 5
205 68 7
205 94 1
205 96 3
205 99 9
205 106 10
205 109 7
205 168 8
205 190 8
205 191 3
205 195 7
205 199 6
205 204 1
205 214 4
205 221 6
205 248 1
205 263 2
205 268 5
205 273 1
205 280 5
205 291 2
206 7 10
206 29 6
206 34 6
206 41 1
206 44 5
206 50 2
206 72 6
206 85 7
206 129 1
206 131 5
206 135 4
206 139 5
206 145 4
206 154 3
206 157 9
206 169 3
206 173 10
206 180 9
206 195 4
206 209 4
206 213 1
206 217 4
206 219 1
206 227 10
206 264 3
206 268 10
206 296 4
207 6 8
207 13 3
207 15 7
207 23 9
207 28 3
207 29 3
207 33 10
207 45 2
207 48 8
207 85 9
207 111 9
207 116 9
207 121 4
207 182 4
207 196 4
207 215 5
207 219 1
207 227 4
207 235 1
207 267 3
207 272 8
207 276 1
207 278 10
207 288 3
207 291 2
207 295 3
208 11 10
208 14 3
208 29 10
208 61 2
208 62 7
208 77 7
208 79 6
208 87 6
208 108 3
208 109 5
208 129 3
208 136 8
208 137 5
208 143 1
208 156 4
208 159 4
208 164 7
208 166 1
208 171 10
208 173 3
208 183 5
208 197 7
208 204 9
208 206 4
208 208 8
208 231 2
208 233 5
208 242 9
208 257 9
208 259 9
208 271 1
208 275 8
208 278 10
208 282 7
208 285 1
208 293 9
209 11 3
209 21 7
209 39 5
209 44 10
209 46 3
209 68 5
209 86 1
209 98 3
209 99 7
209 100 9
209 103 10
209 118 2
209 119 7
209 134 7
209 136 9
209 141 8
209 144 7
209 151 3
209 153 1
209 174 7
209 177 9
209 187 10
209 195 10
209 208 7
209 217 1
209 249 6
209 256 7
209 259 4
209 269 5
209 278 4
209 282 1
209 285 7
209 289 6
210 0 3
210 10 7
210 18 7
210 32 6
210 49 2
210 53 2
210 55 8
210 71 8
210 82 8
210 87 3
210 97 9
210 103 4
210 116 1
210 119 7
210 131 5
210 137 10
210 147 7
210 152 9
210 163 2
210 191 10
210 201 6
210 218 8
210 224 4
210 230 5
210 248 7
210 249 1
210 255 9
210 258 5
210 280 8
211 4 7
211 21 2
211 22 4
211 24 9
211 31 2
211 42 8
211 57 6
211 59 2
211 60 3
211 70 9
211 89 5
211 111 10
211 112 4
211 129 1
211 143 7
211 144 8
211 155 4
211 159 8
211 168 4
211 194 3
211 202 9
211 207 9
211 208 7
211 223 8
211 249 7
211 258 1
211 280 6
211 283 6
211 287 1
211 292 6
211 298 6
212 9 7
212 13 6
212 24 9
212 28 1
212 37 7
212 60 4
212 85 6
212 86 4
212 89 2
212 94 6
212 98 7
212 105 10
212 122 10
212 127 10
212 137 9
212 139 10
212 152 5
212 153 6
212 164 10
212 214 4
212 217 9
212 219 1
212 226 7
212 238 9
212 249 4
212 258 9
212 267 8
212 288 10
212 295 6
213 5 9
213 16 9
213 18 9
213 19 9
213 20 1
213 34 1
213 41 8
213 45 6
213 49 9
213 52 3
213 67 8
213 73 4
213 84 3
213 87 5
213 100 6
213 104 8
213 127 10
213 138 4
213 156 1
213 163 2
213 203 1
213 205 1
213 217 9
213 220 1
213 230 5
213 238 7
213 249 10
213 263 3
213 285 10
213 291 10
214 4 1
214 32 3
214 50 7
214 55 9
214 56 8
214 85 6
214 94 9
214 99 1
214 112 1
214 120 1
214 129 9
214 136 10
214 147 1
214 157 1
214 162 5
214 183 6
214 202 1
214 208 8
214 233 5
214 239 1
214 240 5
214 241 7
214 253 5
214 254 2
214 256 4
214 259 3
214 269 3
214 271 3
214 284 2
214 285 5
214 297 1
215 1 7
215 16 8
215 27 9
215 45 1
215 48 1
215 77 10
215 96 6
215 116 6
215 125 2
215 129 1
215 140 5
215 143 4
215 147 5
215 152 3
215 164 2
215 177 6
215 178 6
215 179 3
215 183 6
215 190 6
215 193 6
215 195 8
215 203 9
215 206 5
215 211 3
215 225 5
215 254 10
215 256 6
215 261 7
215 266 1
215 274 7
215 276 7
215 281 2
215 286 3
216 3 9
216 36 9
216 40 5
216 48 5
216 81 9
216 83 9
216 84 3
216 88 8
216 121 6
216 129 8
216 147 8
216 148 6
216 172 6
216 181 10
216 188 7
216 191 7
216 194 7
216 203 10
216 220 6
216 222 9
216 243 2
216 245 2
216 246 10
216 276 1
217 13 9
217 15 7
217 17 3
217 37 5
217 61 3
217 71 7
217 88 10
217 92 1
217 94 7
217 99 10
217 127 8
217 146 6
217 170 10
217 176 2
217 178 1
217 181 4
217 191 2
217 208 10
217 212 3
217 223 2
217 233 7
217 237 3
217 253 6
217 261 8
217 274 10
217 288 5
218 9 7
218 37 8
218 46 7
218 62 8
218 73 3
218 106 1
218 121 1
218 134 8
218 144 6
218 147 10
218 159 9
218 182 7
218 190 5
218 194 8
218 202 4
218 215 9
218 233 1
218 237 5
218 253 8
218 255 6
218 264 2
218 269 4
218 271 9
218 278 6
218 280 3
218 288 4
218 292 3
219 7 3
219 9 2
219 11 2
219 28 6
219 52 10
219 58 9
219 75 2
219 78 9
219 88 6
219 90 1
219 99 7
219 103 6
219 110 3
219 111 9
219 121 8
219 123 3
219 126 6
219 128 9
219 131 9
219 135 6
219 140 7
219 145 6
219 149 4
219 173 7
219 181 2
219 185 2
219 194 2
219 200 10
219 204 8
219 209 10
219 210 5
219 214 2
219 216 4
219 223 5
219 225 7
219 227 9
219 231 9
219 234 5
219 240 4
219 246 3
219 249 3
219 252 7
219 256 10
219 276 5
219 277 8
219 284 6
219 288 4
220 9 2
220 15 9
220 17 7
220 20 3
220 38 4
220 47 10
220 61 6
220 73 4
220 80 5
220 88 1
220 90 2
220 104 5
220 115 6
220 122 1
220 143 3
220 151 6
220 154 3
220 155 3
220 167 9
220 184 8
220 187 5
220 216 7
220 235 8
220 239 1
220 254 3
220 255 10
220 257 4
220 260 2
220 278 8
220 279 9
220 298 3
221 1 7
221 10 1
221 19 9
221 47 6
221 55 6
221 74 2
221 78 10
221 102 10
221 105 2
221 107 2
221 108 5
221 109 9
221 114 4
221 120 1
221 124 6
221 138 6
221 140 10
221 165 2
221 173 5
221 184 1
221 199 2
221 200 8
221 201 5
221 211 6
221 229 10
221 232 6
221 234 9
221 244 10
221 253 6
221 259 6
221 288 5
222 2 6
222 3 10
222 4 8
222 18 7
222 23 1
222 37 10
222 39 3
222 42 8
222 53 9
222 55 5
222 60 10
222 75 8
222 77 1
222 79 4
222 83 1
222 88 6
222 108 6
222 122 1
222 132 3
222 133 5
222 168 4
222 169 9
222 175 6
222 182 7
222 189 5
222 203 9
222 209 5
222 214 8
222 227 3
222 241 7
222 248 4
222 278 4
222 284 5
223 4 6
223 7 2
223 13 6
223 15 3
223 16 3
223 21 10
223 24 7
223 41 2
223 66 2
223 91 1
223 104 4
223 112 8
223 117 9
223 120 9
223 139 3
223 149 2
223 153 5
223 155 5
223 161 9
223 164 2
223 205 8
223 225 3
223 231 1
223 246 2
223 262 5
223 263 4
223 270 8
223 277 7
223 278 1
223 283 7
223 288 1
223 293 5
223 295 9
224 6 5
224 13 4
224 19 10
224 24 8
224 27 5
224 52 5
224 53 1
224 59 5
224 64 7
224 79 3
224 89 4
224 96 8
224 102 9
224 103 5
224 106 2
224 114 3
224 118 1
224 136 3
224 139 6
224 148 6
224 162 3
224 168 8
224 184 10
224 201 10
224 222 9
224 224 2
224 243 8
224 250 6
224 251 3
224 290 9
225 12 8
225 36 9
225 39 1
225 62 7
225 68 7
225 71 2
225 79 9
225 85 7
225 109 7
225 113 5
225 126 9
225 130 7
225 136 3
225 151 10
225 160 9
225 169 4
225 170 6
225 181 4
225 204 4
225 207 4
225 237 5
225 255 4
225 270 5
225 274 2
225 283 2
225 290 1
225 291 6
225 293 1
225 297 9
226 19 7
226 27 7
226 30 7
226 44 10
226 50 3
226 62 7
226 65 4
226 79 2
226 80 1
226 93 8
226 108 9
226 110 8
226 139 7
226 144 8
226 152 3
226 164 9
226 213 7
226 214 6
226 226 8
226 234 10
226 250 1
226 265 9
226 275 4
227 3 10
227 13 3
227 15 2
227 24 7
227 29 2
227 35 1
227 55 1
227 62 3
227 87 7
227 91 6
227 93 3
227 116 8
227 127 1
227 132 10
227 144 4
227 151 7
227 171 1
227 178 10
227 183 5
227 184 9
227 195 6
227 203 10
227 213 2
227 214 8
227 219 9
227 238 2
227 255 6
227 259 10
227 283 1
227 286 5
228 7 8
228 18 1
228 34 8
228 37 3
228 39 4
228 49 2
228 56 7
228 60 2
228 63 8
228 70 10
228 73 3
228 83 5
228 87 4
228 111 6
228 115 7
228 118 6
228 128 5
228 129 2
228 134 2
228 138 6
228 143 5
228 144 10
228 153 9
228 165 3
228 167 8
228 189 6
228 198 4
228 238 4
228 248 6
228 258 7
228 270 4
228 275 5
228 295 7
229 8 5
229 30 4
229 38 8
229 50 1
229 57 7
229 71 8
229 104 9
229 106 5
229 121 6
229 123 7
229 126 1
229 149 4
229 154 5
229 177 2
229 179 3
229 208 2
229 241 10
229 244 5
229 245 2
229 252 7
229 254 4
229 270 9
229 275 10
230 13 2
230 14 8
230 19 6
230 22 3
230 47 9
230 66 3
230 70 6
230 80 10
230 82 8
230 97 7
230 105 4
230 108 9
230 127 2
230 140 6
230 147 5
230 150 7
230 169 10
230 179 3
230 202 10
230 205 6
230 208 7
230 213 7
230 222 6
230 223 9
230 225 9
230 234 6
230 257 8
230 266 10
230 268 4
230 269 5
230 275 8
230 276 3
230 279 10
231 14 2
231 16 5
231 18 10
231 25 5
231 33 4
231 40 10
231 42 10
231 43 8
231 57 5
231 72 2
231 97 10
231 113 1
231 125 3
231 138 2
231 143 7
231 160 2
231 173 6
231 199 6
231 200 3
231 208 10
231 209 10
231 211 3
231 220 7
231 223 7
231 226 1
231 233 9
231 250 9
231 254 1
231 277 5
231 278 5
231 279 1
231 280 5
232 13 9
232 14 2
232 25 8
232 40 1
232 54 7
232 70 10
232 71 5
232 75 8
232 78 8
232 83 5
232 89 4
232 92 3
232 108 5
232 122 9
232 131 2
232 154 7
232 171 8
232 174 9
232 181 3
232 192 7
232 194 6
232 196 8
232 198 3
232 232 2
232 234 4
232 261 1
232 278 10
232 280 8
232 291 4
232 296 7
233 21 10
233 23 3
233 27 2
233 38 7
233 42 2
233 57 2
233 59 8
233 61 9
233 62 4
233 66 4
233 72 4
233 74 10
233 88 1
233 90 10
233 93 10
233 100 10
233 120 1
233 140 2
233 141 9
233 187 8
233 198 4
233 208 1
233 211 7
233 223 8
233 228 8
233 238 5
233 241 3
233 252 4
233 253 4
233 254 1
233 283 4
234 5 4
234 19 3
234 35 9
234 51 1
234 79 2
234 85 2
234 89 3
234 91 2
234 108 9
234 110 2
234 112 1
234 113 1
234 145 7
234 146 8
234 149 4
234 152 6
234 171 2
234 173 2
234 203 5
234 220 5
234 228 7
234 240 5
234 251 10
234 258 4
234 270 7
234 281 1
234 292 6
234 294 4
234 297 3
235 0 1
235 11 6
235 14 10
235 24 2
235 39 6
235 44 6
235 67 7
235 121 3
235 129 2
235 135 6
235 137 3
235 148 8
235 149 7
235 160 5
235 168 1
235 174 5
235 188 2
235 193 1
235 195 8
235 206 1
235 208 1
235 212 9
235 218 7
235 223 10
235 251 9
235 271 9
235 280 7
235 285 3
235 291 10
236 8 2
236 9 3
236 11 1
236 14 9
236 24 8
236 27 6
236 46 7
236 52 9
236 53 2
236 59 10
236 63 2
236 65 5
236 81 7
236 98 3
236 111 4
236 112 10
236 116 1
236 158 6
236 179 6
236 190 6
236 191 1
236 215 5
236 231 7
236 235 6
236 247 9
236 255 10
236 261 9
236 273 6
236 284 2
236 286 2
236 289 6
237 4 6
237 6 9
237 22 3
237 66 9
237 74 1
237 76 10
237 79 4
237 80 1
237 82 10
237 86 7
237 91 10
237 107 4
237 117 4
237 119 1
237 133 2
237 137 1
237 147 10
237 152 3
237 153 1
237 162 10
237 178 7
237 184 8
237 193 2
237 242 10
237 244 6
237 256 3
237 263 6
237 264 10
237 294 2
238 13 2
238 16 2
238 22 10
238 24 3
238 38 7
238 70 3
238 71 4
238 72 4
238 104 8
238 143 7
238 148 7
238 149 1
238 154 3
238 159 1
238 188 5
238 201 2
238 209 4
238 243 9
238 253 3
238 281 4
238 283 4
239 4 5
239 5 5
239 6 1
239 9 5
239 18 5
239 34 6
239 42 4
239 65 3
239 66 7
239 76 7
239 78 3
239 83 8
239 87 10
239 94 4
239 105 4
239 106 1
239 113 8
239 119 9
239 120 7
239 138 10
239 179 6
239 182 9
239 183 9
239 184 1
239 187 6
239 188 9
239 190 10
239 195 3
239 202 4
239 210 9
239 215 8
239 218 10
239 231 8
239 234 10
239 237 8
239 238 5
239 262 1
239 263 4
239 272 7
239 279 6
239 290 1
240 7 8
240 10 4
240 18 9
240 23 3
240 34 2
240 46 1
240 48 7
240 50 2
240 57 6
240 58 7
240 69 5
240 83 7
240 95 2
240 96 9
240 100 10
240 119 1
240 131 10
240 136 1
240 139 8
240 141 5
240 142 7
240 149 5
240 159 10
240 165 9
240 171 5
240 174 3
240 179 9
240 184 4
240 190 10
240 222 1
240 241 3
240 271 9
240 275 8
241 13 9
241 22 9
241 26 5
241 32 2
241 34 3
241 35 3
241 40 4
241 51 6
241 52 4
241 62 7
241 64 2
241 67 2
241 78 9
241 94 3
241 110 1
241 119 10
241 125 1
241 131 5
241 153 6
241 155 8
241 168 9
241 170 4
241 185 8
241 190 8
241 196 9
241 205 4
241 212 10
241 214 8
241 216 1
241 222 7
241 224 8
241 229 9
241 232 1
241 235 7
241 252 9
241 255 7
241 260 10
241 266 4
241 271 1
241 290 6
241 295 5
241 298 2
242 13 5
242 20 7
242 21 3
242 23 10
242 38 9
242 40 5
242 41 10
242 49 3
242 84 4
242 92 1
242 95 2
242 103 1
242 118 10
242 120 1
242 125 3
242 132 1
242 147 6
242 178 3
242 200 4
242 215 7
242 216 3
242 225 2
242 227 5
242 228 2
242 230 10
242 241 4
242 269 1
242 271 3
242 273 1
242 280 6
242 283 2
242 289 6
243 8 4
243 11 1
243 22 7
243 23 10
243 36 6
243 46 9
243 55 3
243 111 3
243 120 4
243 122 3
243 131 6
243 138 5
243 141 8
243 159 3
243 205 6
243 207 5
243 229 9
243 246 9
243 263 4
243 264 3
243 274 9
243 282 8
244 6 10
244 8 8
244 29 6
244 31 4
244 51 4
244 83 3
244 103 8
244 115 10
244 151 5
244 162 9
244 174 10
244 188 6
244 213 5
244 214 9
244 217 9
244 233 5
244 237 6
244 239 10
244 262 3
244 263 2
245 2 8
245 3 4
245 41 6
245 47 10
245 67 7
245 72 4
245 82 10
245 85 7
245 97 4
245 99 1
245 105 10
245 107 7
245 116 1
245 121 2
245 132 3
245 143 7
245 150 9
245 172 5
245 199 6
245 202 8
245 203 2
245 207 6
245 223 3
245 235 4
245 241 9
245 244 6
245 245 2
245 285 3
245 287 9
246 2 8
246 15 9
246 34 2
246 48 6
246 53 7
246 66 3
246 84 7
246 93 7
246 98 9
246 116 2
246 119 1
246 120 6
246 121 1
246 145 10
246 154 4
246 159 8
246 160 7
246 218 1
246 271 7
246 279 8
246 286 9
246 294 9
247 6 7
247 23 1
247 41 7
247 43 5
247 48 4
247 49 1
247 51 2
247 67 2
247 73 1
247 74 8
247 81 7
247 91 4
247 108 10
247 113 4
247 126 5
247 143 9
247 156 5
247 178 10
247 184 2
247 186 3
247 193 10
247 199 7
247 204 4
247 215 7
247 216 2
247 218 1
247 222 9
247 228 10
247 254 1
247 258 6
247 260 5
247 261 9
247 264 10
247 280 1
247 281 5
247 283 1
248 2 3
248 3 2
248 9 5
248 12 8
248 13 7
248 14 2
248 17 9
248 20 6
248 33 1
248 35 2
248 83 5
248 84 5
248 89 3
248 95 10
248 105 5
248 119 4
248 123 10
248 129 5
248 143 5
248 154 2
248 161 4
248 179 1
248 182 4
248 202 5
248 206 3
248 212 5
248 223 5
248 226 1
248 228 6
248 234 4
248 245 5
248 262 8
248 271 5
248 272 10
248 274 8
248 276 5
248 284 6
249 8 8
249 10 5
249 14 6
249 16 6
249 17 9
249 22 2
249 28 10
249 36 2
249 46 2
249 50 4
249 63 6
249 96 4
249 105 10
249 122 9
249 146 3
249 181 1
249 215 5
249 244 8
250 1 3
250 4 7
250 25 2
250 27 3
250 34 3
250 35 2
250 43 2
250 59 10
250 68 8
250 72 9
250 97 9
250 104 1
250 105 8
250 118 10
250 130 5
250 138 5
250 139 3
250 161 9
250 166 8
250 180 10
250 188 9
250 193 8
250 207 6
250 209 1
250 226 7
250 229 8
250 231 2
250 237 2
250 253 4
250 261 9
250 269 3
250 282 4
250 289 5
250 294 5
250 298 10
251 10 4
251 12 5
251 17 6
251 48 5
251 57 6
251 62 7
251 70 7
251 74 3
251 84 10
251 88 3
251 105 2
251 114 9
251 120 7
251 121 8
251 156 9
251 184 1
251 190 10
251 195 8
251 211 9
251 215 2
251 216 5
251 223 5
251 228 5
251 234 6
251 266 2
251 284 6
251 285 4
251 286 5
251 289 7
252 2 5
252 3 4
252 31 7
252 42 6
252 45 4
252 53 8
252 70 2
252 72 1
252 98 8
252 110 2
252 126 4
252 131 6
252 144 8
252 147 5
252 161 9
252 169 10
252 179 1
252 207 10
252 214 6
252 230 6
252 252 5
252 264 8
252 267 7
252 274 1
252 287 3
252 290 3
252 291 2
253 19 7
253 25 4
253 47 1
253 50 10
253 77 6
253 78 3
253 100 5
253 125 2
253 131 4
253 148 9
253 156 5
253 158 10
253 178 7
253 192 10
253 206 7
253 231 7
253 234 6
253 236 9
253 237 7
253 255 1
253 265 10
253 266 1
253 280 2
253 284 5
253 291 9
254 10 6
254 13 4
254 36 4
254 48 1
254 52 8
254 62 4
254 96 5
254 117 4
254 120 2
254 128 10
254 139 7
254 176 8
254 178 5
254 193 3
254 224 1
254 227 5
254 241 8
254 259 1
254 262 7
254 274 4
254 291 10
255 5 5
255 11 2
255 36 4
255 40 3
255 48 10
255 57 10
255 60 6
255 61 1
255 71 1
255 72 3
255 74 3
255 79 9
255 83 2
255 85 9
255 103 3
255 105 7
255 139 1
255 144 6
255 148 9
255 150 3
255 162 4
255 198 5
255 204 9
255 219 1
255 221 5
255 258 6
255 269 10
255 293 7
256 11 4
256 14 1
256 16 10
256 18 10
256 21 8
256 23 3
256 30 1
256 31 3
256 32 7
256 33 2
256 37 10
256 60 10
256 65 10
256 83 6
256 90 7
256 100 3
256 131 6
256 139 10
256 143 8
256 156 6
256 164 8
256 174 10
256 193 2
256 196 1
256 198 10
256 200 3
256 204 7
256 208 1
256 220 10
256 224 3
256 229 4
256 245 8
256 261 2
256 264 10
256 280 2
256 292 10
256 296 5
257 5 7
257 13 9
257 16 7
257 19 5
257 25 1
257 35 3
257 73 5
257 82 6
257 84 1
257 87 8
257 88 6
257 94 3
257 102 2
257 105 3
257 107 5
257 112 8
257 113 6
257 122 4
257 124 2
257 133 7
257 160 7
257 197 2
257 200 1
257 201 1
257 205 3
257 217 1
257 232 5
257 236 3
257 252 5
257 267 1
257 296 6
258 26 2
258 30 5
258 50 9
258 62 5
258 94 5
258 109 4
258 112 1
258 119 10
258 122 7
258 133 7
258 139 4
258 145 10
258 153 3
258 167 3
258 175 5
258 187 2
258 199 2
258 211 1
258 230 3
258 242 7
258 270 4
258 274 6
258 287 1
258 293 2
259 4 2
259 11 8
259 62 5
259 78 9
259 87 10
259 92 9
259 114 7
259 133 5
259 136 3
259 144 8
259 150 4
259 156 6
259 172 8
259 197 9
259 201 4
259 213 4
259 219 8
259 261 4
259 263 2
259 267 2
259 277 8
259 278 1
259 283 8
259 291 10
260 9 4
260 16 2
260 19 4
260 22 7
260 57 10
260 60 4
260 70 1
260 98 10
260 103 10
260 112 4
260 116 7
260 125 2
260 147 9
260 158 10
260 172 8
260 175 2
260 193 3
260 196 9
260 200 8
260 206 6
260 209 10
260 221 5
260 242 1
260 255 6
260 259 1
260 265 4
260 276 9
261 5 6
261 13 6
261 30 6
261 38 2
261 43 6
261 107 6
261 111 6
261 115 3
261 117 2
261 123 2
261 143 4
261 145 9
261 150 6
261 151 1
261 169 4
261 186 4
261 204 10
261 210 10
261 221 6
261 224 5
261 225 3
261 237 7
261 257 7
261 264 1
261 286 3
261 291 2
262 2 5
262 6 10
262 14 1
262 15 7
262 33 1
262 34 4
262 46 9
262 53 9
262 65 4
262 68 1
262 70 9
262 72 8
262 103 3
262 120 7
262 127 8
262 136 3
262 157 10
262 169 10
262 172 10
262 177 3
262 182 6
262 214 6
262 233 8
262 241 6
262 253 2
262 265 5
262 273 10
262 276 4
262 295 5
262 299 10
263 6 3
263 28 4
263 32 4
263 41 7
263 42 10
263 46 5
263 53 7
263 56 7
263 61 2
263 68 1
263 75 3
263 76 7
263 92 8
263 110 6
263 117 2
263 156 4
263 158 2
263 159 9
263 163 10
263 165 9
263 168 9
263 175 4
263 181 10
263 183 7
263 188 8
263 196 4
263 212 9
263 223 7
263 231 5
263 254 2
263 280 2
263 289 1
264 0 7
264 1 6
264 2 7
264 3 5
264 4 2
264 8 7
264 9 9
264 20 8
264 33 6
264 41 6
264 75 4
264 79 1
264 83 8
264 108 2
264 112 2
264 118 2
264 123 9
264 125 2
264 136 10
264 141 2
264 188 8
264 206 5
264 215 5
264 222 1
264 233 3
264 257 9
264 282 2
264 285 3
264 288 8
264 294 1
264 295 10
265 0 10
265 10 10
265 14 5
265 45 1
265 62 9
265 63 2
265 73 5
265 75 3
265 81 4
265 91 7
265 95 10
265 98 5
265 105 8
265 122 9
265 126 5
265 140 9
265 170 4
265 187 8
265 190 10
265 191 9
265 207 8
265 225 5
265 229 8
265 249 10
265 255 8
265 262 3
265 271 9
265 275 7
265 290 10
265 293 5
265 295 4
265 298 1
266 0 10
266 7 2
266 13 9
266 37 1
266 40 7
266 45 5
266 56 9
266 64 1
266 65 7
266 79 6
266 86 10
266 91 1
266 111 7
266 113 1
266 115 3
266 120 4
266 128 2
266 144 1
266 170 3
266 174 9
266 176 4
266 178 7
266 186 7
266 190 5
266 197 7
266 224 2
266 267 1
266 277 5
266 281 6
266 284 9
266 298 7
267 1 6
267 4 7
267 11 4
267 14 4
267 25 5
267 34 6
267 42 7
267 55 6
267 59 6
267 88 9
267 107 10
267 126 6
267 134 6
267 135 9
267 140 3
267 164 5
267 171 8
267 176 5
267 179 7
267 194 7
267 200 7
267 218 2
267 221 1
267 233 1
267 234 10
267 236 6
267 238 4
267 239 4
267 246 3
267 248 4
267 261 1
267 265 10
267 266 8
267 292 8
267 296 7
268 3 3
268 10 7
268 24 7
268 52 4
268 73 9
268 75 8
268 87 6
268 136 4
268 147 1
268 160 4
268 161 10
268 178 3
268 185 6
268 220 9
268 222 2
268 226 7
268 230 9
268 260 5
268 283 5
269 0 2
269 27 9
269 48 2
269 53 7
269 54 7
269 78 10
269 79 5
269 82 10
269 104 2
269 116 7
269 119 8
269 129 10
269 135 5
269 144 2
269 149 9
269 150 3
269 156 8
269 171 9
269 181 7
269 197 6
269 204 2
269 212 1
269 226 4
269 245 2
269 249 5
269 273 9
269 280 5
269 282 5
269 287 7
269 293 5
270 6 10
270 7 10
270 22 4
270 24 1
270 68 1
270 77 9
270 86 9
270 102 8
270 112 1
270 119 5
270 127 7
270 147 8
270 209 9
270 218 7
270 232 6
270 262 8
270 269 8
270 280 7
270 286 3
270 292 10
271 7 8
271 11 3
271 30 3
271 42 2
271 46 2
271 58 4
271 60 9
271 64 8
271 66 2
271 71 7
271 87 1
271 94 4
271 98 3
271 100 5
271 103 2
271 104 6
271 114 3
271 121 8
271 123 7
271 131 8
271 143 8
271 144 2
271 151 5
271 152 4
271 160 5
271 162 6
271 165 5
271 180 6
271 181 5
271 183 10
271 184 10
271 206 9
271 229 5
271 230 6
271 258 2
271 280 5
271 293 3
272 7 6
272 9 7
272 28 2
272 37 5
272 44 4
272 49 5
272 53 4
272 63 1
272 74 1
272 80 8
272 88 8
272 89 1
272 108 6
272 124 9
272 155 2
272 187 3
272 190 4
272 193 7
272 197 2
272 207 2
272 225 3
272 236 4
272 262 4
272 263 9
272 287 5
272 292 3
272 296 1
272 299 5
273 10 7
273 13 2
273 26 2
273 37 5
273 38 9
273 61 4
273 66 7
273 98 8
273 99 1
273 107 1
273 114 5
273 141 4
273 147 10
273 174 2
273 177 5
273 186 7
273 198 9
273 201 6
273 207 1
273 216 4
273 231 10
273 234 10
273 235 4
273 239 5
273 244 5
273 266 6
273 292 7
273 293 6
273 299 10
274 12 9
274 14 10
274 27 10
274 29 8
274 43 8
274 45 1
274 47 6
274 57 6
274 60 9
274 78 7
274 90 1
274 95 9
274 116 6
274 118 3
274 119 2
274 120 2
274 127 9
274 136 1
274 137 2
274 139 6
274 161 9
274 165 6
274 172 10
274 203 6
274 211 3
274 221 7
274 242 6
274 250 8
274 262 4
274 263 10
274 273 7
274 277 9
275 2 7
275 10 2
275 22 1
275 25 7
275 39 5
275 40 6
275 56 10
275 61 10
275 95 2
275 104 5
275 148 1
275 154 3
275 171 1
275 185 3
275 196 8
275 207 1
275 215 6
275 232 5
275 246 7
275 257 10
275 262 3
275 263 7
275 270 2
275 271 8
275 278 2
275 281 1
275 285 5
276 11 3
276 22 2
276 27 2
276 28 2
276 42 1
276 49 5
276 50 7
276 59 1
276 78 6
276 79 9
276 81 1
276 82 2
276 90 7
276 105 6
276 106 7
276 147 6
276 148 9
276 151 1
276 157 2
276 165 5
276 176 10
276 219 10
276 226 6
276 232 4
276 239 5
276 245 6
276 261 9
276 269 2
277 3 3
277 12 9
277 17 5
277 35 4
277 50 7
277 57 9
277 63 4
277 78 2
277 110 2
277 113 2
277 124 5
277 129 1
277 130 9
277 135 5
277 144 2
277 149 5
277 150 10
277 155 9
277 162 2
277 163 5
277 168 4
277 173 5
277 174 9
277 179 5
277 202 4
277 205 5
277 207 6
277 210 5
277 216 6
277 254 7
277 255 7
277 263 7
277 268 6
277 283 3
277 284 3
277 294 6
278 10 8
278 11 4
278 12 4
278 21 2
278 29 3
278 30 3
278 54 7
278 70 6
278 72 9
278 86 5
278 100 3
278 112 9
278 130 9
278 135 1
278 137 4
278 140 5
278 142 1
278 144 8
278 153 7
278 182 10
278 183 3
278 184 9
278 185 2
278 193 3
278 208 9
278 213 10
278 214 9
278 221 5
278 242 8
278 250 7
278 261 6
278 271 2
278 276 7
278 290 1
279 2 8
279 19 1
279 22 8
279 31 6
279 46 8
279 58 6
279 69 5
279 78 1
279 102 5
279 103 1
279 111 1
279 116 7
279 117 1
279 118 3
279 127 6
279 131 5
279 133 8
279 140 2
279 146 8
279 147 10
279 148 3
279 151 2
279 176 7
279 193 5
279 197 5
279 199 9
279 200 9
279 206 10
279 224 4
279 227 10
279 244 7
279 248 2
279 263 3
279 272 8
279 299 4
280 3 9
280 13 9
280 18 10
280 28 9
280 33 8
280 51 8
280 57 4
280 69 10
280 86 5
280 99 9
280 102 1
280 123 7
280 127 10
280 141 5
280 144 8
280 157 9
280 158 4
280 165 5
280 166 7
280 168 7
280 170 10
280 193 10
280 198 8
280 209 5
280 230 1
280 234 7
280 238 3
280 246 3
280 251 2
280 256 6
280 267 8
280 274 8
280 296 8
281 3 10
281 8 10
281 12 4
281 13 2
281 34 9
281 48 9
281 57 8
281 72 3
281 78 5
281 83 5
281 86 4
281 121 7
281 154 10
281 170 8
281 173 1
281 179 9
281 186 9
281 202 8
281 212 5
281 215 5
281 244 1
281 248 7
281 251 9
281 255 7
281 271 9
281 274 10
281 275 3
281 285 5
281 290 5
282 1 9
282 2 4
282 14 9
282 18 8
282 21 6
282 27 8
282 28 4
282 35 7
282 42 6
282 50 4
282 54 5
282 62 9
282 78 5
282 82 8
282 88 10
282 98 5
282 117 4
282 148 6
282 150 9
282 166 5
282 168 7
282 172 9
282 176 1
282 178 7
282 180 7
282 194 3
282 201 8
282 207 5
282 212 8
282 214 8
282 232 7
282 240 8
282 241 6
282 251 4
282 259 10
282 260 5
282 277 1
282 290 10
282 297 8
283 4 10
283 11 1
283 13 9
283 14 8
283 32 5
283 35 3
283 39 5
283 46 9
283 50 9
283 57 3
283 62 10
283 72 3
283 76 8
283 79 10
283 96 5
283 111 2
283 116 6
283 117 1
283 126 8
283 128 10
283 130 3
283 133 2
283 139 3
283 141 5
283 156 6
283 160 1
283 169 2
283 179 5
283 191 9
283 197 5
283 209 9
283 227 4
283 230 5
283 237 8
283 241 5
283 252 6
283 278 10
283 299 10
284 55 1
284 61 7
284 68 9
284 70 8
284 79 4
284 83 1
284 97 7
284 100 4
284 111 3
284 116 6
284 145 4
284 161 8
284 167 5
284 174 6
284 183 2
284 200 8
284 207 1
284 214 7
284 229 1
284 233 9
284 250 1
284 253 4
284 267 2
284 269 8
284 287 3
284 288 10
285 5 1
285 15 4
285 21 3
285 30 8
285 31 8
285 44 1
285 48 10
285 55 8
285 84 2
285 102 5
285 104 4
285 113 1
285 122 9
285 157 8
285 188 4
285 199 2
285 207 2
285 227 4
285 229 4
285 238 10
285 241 6
285 255 6
285 258 10
285 267 1
285 284 4
285 285 1
285 288 8
285 297 7
286 10 6
286 31 2
286 40 10
286 52 2
286 66 10
286 68 4
286 70 5
286 72 4
286 76 6
286 80 10
286 94 3
286 96 8
286 100 4
286 105 5
286 119 6
286 130 3
286 144 4
286 152 9
286 159 5
286 160 7
286 161 5
286 179 3
286 183 10
286 192 2
286 199 3
286 203 10
286 210 2
286 224 8
286 225 5
286 226 5
286 227 4
286 228 8
286 236 10
286 242 5
286 248 7
286 258 10
286 265 5
286 269 5
286 275 2
286 278 4
286 279 9
286 292 9
287 38 3
287 40 7
287 50 10
287 53 3
287 65 3
287 69 3
287 84 7
287 86 5
287 91 7
287 98 5
287 113 9
287 119 7
287 132 8
287 161 3
287 168 3
287 183 5
287 189 10
287 197 2
287 202 7
287 221 3
287 227 6
287 232 3
287 237 5
287 263 9
287 274 10
287 283 7
287 287 7
287 294 9
288 7 2
288 11 3
288 13 7
288 36 1
288 39 9
288 52 6
288 64 3
288 99 8
288 108 5
288 114 2
288 115 8
288 121 10
288 143 5
288 148 3
288 157 6
288 158 9
288 160 1
288 163 1
288 164 1
288 189 6
288 191 6
288 202 9
288 207 9
288 228 7
288 232 6
288 245 3
288 254 5
288 266 4
288 273 6
289 2 7
289 6 4
289 14 7
289 25 4
289 30 1
289 42 8
289 57 10
289 64 5
289 78 3
289 87 1
289 107 1
289 132 7
289 141 9
289 153 9
289 156 6
289 178 6
289 197 3
289 199 10
289 221 1
289 231 3
289 265 4
289 268 1
289 270 1
289 281 2
289 286 6
289 291 6
289 295 5
290 0 4
290 36 2
290 57 5
290 64 1
290 66 2
290 83 8
290 94 1
290 100 8
290 107 6
290 110 6
290 111 3
290 120 8
290 121 6
290 126 9
290 133 8
290 136 7
290 143 2
290 146 4
290 178 9
290 181 1
290 187 2
290 201 9
290 208 7
290 217 2
290 245 10
290 246 2
290 255 9
290 287 5
290 294 10
291 39 10
291 53 9
291 59 4
291 70 9
291 78 9
291 86 4
291 91 10
291 98 8
291 107 10
291 113 9
291 117 5
291 118 5
291 124 8
291 129 2
291 140 5
291 143 5
291 147 8
291 148 10
291 161 1
291 165 6
291 167 9
291 174 5
291 179 1
291 187 3
291 191 3
291 193 7
291 204 4
291 207 3
291 213 2
291 226 2
291 249 5
291 254 4
291 263 8
291 268 6
291 270 5
291 276 8
291 284 5
291 297 4
291 299 9
292 6 2
292 26 8
292 41 1
292 61 1
292 85 10
292 88 2
292 95 5
292 100 8
292 104 8
292 115 8
292 120 5
292 124 9
292 127 7
292 135 3
292 136 4
292 158 8
292 163 10
292 173 5
292 183 5
292 184 2
292 191 8
292 197 8
292 216 8
292 221 10
292 254 2
292 269 5
293 3 10
293 19 10
293 31 8
293 67 1
293 79 3
293 83 6
293 89 4
293 96 9
293 124 2
293 125 6
293 148 9
293 163 5
293 177 9
293 182 4
293 193 4
293 198 9
293 206 5
293 219 10
293 239 2
293 244 1
293 251 5
293 252 6
293 259 9
293 269 7
293 281 1
293 283 3
293 289 6
293 294 4
294 4 7
294 16 8
294 29 8
294 43 8
294 64 8
294 74 2
294 84 8
294 87 10
294 89 2
294 95 1
294 96 3
294 134 4
294 137 6
294 146 1
294 149 1
294 154 9
294 163 2
294 167 7
294 171 1
294 204 4
294 225 10
294 228 2
294 232 10
294 233 10
294 237 8
294 239 2
294 240 5
294 253 3
294 260 7
294 266 9
294 268 2
294 275 4
294 280 3
294 281 8
294 287 3
294 292 3
294 295 9
294 297 2
295 27 3
295 31 3
295 33 10
295 42 4
295 59 2
295 68 4
295 73 2
295 77 1
295 81 1
295 96 6
295 97 8
295 101 3
295 111 5
295 117 5
295 128 3
295 146 4
295 163 7
295 168 2
295 169 10
295 194 7
295 209 1
295 221 5
295 233 10
295 245 2
295 292 6
296 13 6
296 15 8
296 24 3
296 45 5
296 47 4
296 48 3
296 55 3
296 57 3
296 78 3
296 81 3
296 85 3
296 106 7
296 107 3
296 109 8
296 120 7
296 122 4
296 152 5
296 177 10
296 182 5
296 197 1
296 211 9
296 212 1
296 232 4
296 242 6
296 250 5
296 264 7
296 269 10
296 272 8
296 278 6
296 286 5
296 296 5
297 25 4
297 34 9
297 43 7
297 44 8
297 49 3
297 59 9
297 60 10
297 62 6
297 70 1
297 77 1
297 85 9
297 95 6
297 105 7
297 106 4
297 109 2
297 110 7
297 111 5
297 132 8
297 134 4
297 137 2
297 146 4
297 151 2
297 168 6
297 169 3
297 170 4
297 184 6
297 192 2
297 201 3
297 209 4
297 246 8
297 266 1
297 277 4
297 278 10
297 280 1
297 283 9
297 293 4
298 0 9
298 2 4
298 6 5
298 13 1
298 18 1
298 19 6
298 32 1
298 57 3
298 76 1
298 81 1
298 84 10
298 111 2
298 120 10
298 126 4
298 138 10
298 147 2
298 163 7
298 180 7
298 181 9
298 183 7
298 191 10
298 198 10
298 201 1
298 206 10
298 210 1
298 217 10
298 221 6
298 242 6
298 256 5
298 264 10
298 286 6
298 292 6
298 295 5
298 296 3
299 4 2
299 13 8
299 16 2
299 51 1
299 67 10
299 71 1
299 74 3
299 83 1
299 109 5
299 116 8
299 129 7
299 142 3
299 148 6
299 169 8
299 177 6
299 178 7
299 180 3
299 190 7
299 194 10
299 200 5
299 221 3
299 261 2
299 273 9
299 276 10
