nodes 200
source 0
sink 199
arcs 7965
0 199 10
0 4 5
0 9 9
0 11 3
0 13 2
0 20 4
0 21 7
0 22 9
0 25 1
0 41 10
0 43 7
0 50 3
0 51 8
0 60 9
0 66 8
0 68 1
0 79 2
0 84 10
0 85 6
0 99 1
0 100 5
0 105 1
0 108 4
0 117 2
0 120 8
0 121 5
0 123 10
0 124 8
0 131 10
0 133 3
0 148 7
0 151 9
0 155 10
0 159 3
0 160 6
0 165 2
0 166 4
0 170 10
0 173 8
0 176 3
0 185 2
0 186 7
1 12 2
1 20 1
1 23 3
1 26 3
1 27 2
1 31 9
1 32 8
1 33 1
1 34 10
1 36 2
1 38 9
1 42 7
1 45 3
1 47 9
1 53 10
1 54 5
1 61 4
1 67 8
1 70 8
1 73 2
1 80 10
1 81 3
1 88 10
1 89 4
1 91 2
1 96 10
1 102 2
1 104 7
1 108 7
1 109 6
1 112 9
1 113 1
1 116 1
1 118 2
1 122 5
1 125 4
1 130 6
1 137 8
1 138 2
1 139 5
1 141 5
1 142 8
1 152 2
1 174 3
1 178 8
1 187 10
1 188 10
1 189 3
1 197 5
1 198 2
1 199 3
2 19 3
2 21 7
2 39 2
2 47 1
2 48 3
2 59 1
2 68 3
2 75 7
2 78 1
2 89 3
2 90 6
2 93 6
2 106 5
2 116 7
2 119 6
2 121 3
2 123 7
2 133 6
2 134 1
2 138 10
2 140 10
2 142 10
2 143 9
2 147 1
2 150 8
2 152 3
2 158 9
2 160 7
2 165 3
2 169 1
2 173 4
2 178 9
2 179 10
2 186 7
2 188 10
2 189 2
2 190 7
2 195 1
3 1 10
3 5 4
3 6 9
3 10 6
3 14 1
3 16 8
3 17 4
3 24 2
3 26 3
3 29 2
3 31 8
3 33 9
3 36 6
3 47 6
3 52 7
3 54 1
3 55 6
3 61 5
3 65 5
3 73 7
3 79 9
3 80 5
3 82 1
3 87 2
3 88 5
3 95 10
3 96 3
3 104 3
3 108 10
3 126 8
3 134 8
3 138 5
3 140 8
3 143 2
3 144 2
3 145 5
3 153 3
3 162 4
3 170 8
3 171 1
3 174 2
3 180 3
3 186 7
3 194 8
3 195 7
4 2 2
4 3 6
4 4 6
4 20 2
4 43 5
4 49 1
4 55 7
4 67 9
4 74 2
4 75 8
4 80 7
4 90 1
4 102 7
4 106 1
4 115 1
4 121 8
4 126 3
4 130 7
4 131 4
4 136 1
4 138 4
4 141 6
4 144 5
4 145 10
4 146 4
4 151 1
4 153 6
4 156 10
4 161 4
4 168 1
4 175 1
4 181 3
4 182 5
4 189 2
4 195 7
4 199 7
5 6 1
5 8 8
5 16 9
5 19 10
5 21 2
5 39 8
5 40 9
5 41 6
5 42 4
5 44 5
5 51 9
5 56 6
5 58 10
5 62 7
5 64 2
5 70 9
5 74 10
5 83 7
5 95 1
5 96 9
5 103 7
5 106 1
5 108 2
5 114 6
5 122 9
5 135 8
5 138 3
5 151 6
5 152 8
5 158 1
5 161 3
5 168 7
5 169 10
5 175 4
5 181 6
5 185 2
5 197 4
6 5 9
6 11 8
6 23 3
6 27 9
6 31 6
6 32 5
6 39 6
6 40 8
6 44 7
6 45 6
6 47 1
6 53 8
6 55 3
6 59 10
6 61 9
6 64 10
6 68 3
6 70 7
6 76 3
6 79 7
6 84 5
6 87 7
6 97 3
6 98 9
6 99 6
6 100 6
6 103 3
6 115 4
6 118 2
6 121 8
6 124 9
6 140 8
6 149 3
6 157 2
6 159 8
6 160 4
6 162 6
6 164 1
6 165 2
6 179 1
6 182 3
6 186 3
6 192 5
6 193 8
6 195 1
6 196 6
6 198 5
7 0 4
7 1 10
7 7 8
7 9 3
7 14 7
7 21 8
7 24 4
7 26 8
7 29 9
7 37 9
7 46 10
7 53 4
7 54 2
7 61 2
7 68 10
7 69 3
7 73 4
7 76 8
7 79 9
7 80 5
7 83 6
7 85 9
7 86 1
7 88 2
7 89 4
7 95 1
7 110 6
7 117 5
7 118 5
7 128 6
7 129 8
7 130 3
7 131 3
7 146 5
7 148 7
7 156 3
7 159 2
7 171 7
7 174 7
7 176 1
7 183 2
7 192 4
7 195 1
8 0 1
8 3 6
8 9 8
8 14 8
8 23 8
8 26 1
8 34 5
8 35 5
8 37 1
8 38 1
8 39 9
8 40 10
8 41 1
8 55 9
8 59 9
8 60 3
8 63 9
8 66 4
8 67 10
8 68 1
8 69 1
8 90 9
8 97 7
8 102 3
8 103 10
8 113 2
8 115 7
8 120 6
8 121 10
8 132 6
8 141 2
8 144 5
8 156 8
8 158 8
8 161 4
8 166 3
8 167 8
8 171 8
8 176 6
8 181 6
8 185 6
8 186 6
8 196 2
9 2 7
9 5 10
9 9 1
9 17 8
9 22 3
9 23 4
9 27 2
9 36 9
9 40 3
9 44 8
9 45 5
9 46 10
9 52 1
9 54 1
9 57 4
9 61 7
9 68 9
9 71 10
9 72 9
9 84 2
9 85 2
9 86 1
9 95 9
9 96 8
9 101 9
9 108 4
9 109 8
9 116 4
9 117 7
9 120 2
9 123 8
9 124 1
9 125 1
9 128 8
9 130 8
9 136 6
9 143 6
9 155 10
9 159 8
9 160 7
9 166 1
9 178 3
9 180 5
9 188 5
9 193 4
10 4 5
10 9 8
10 12 7
10 25 9
10 33 5
10 35 4
10 45 8
10 49 7
10 52 3
10 62 1
10 64 5
10 67 3
10 68 4
10 71 10
10 72 9
10 78 1
10 81 5
10 90 7
10 98 5
10 101 9
10 108 8
10 111 8
10 120 3
10 122 8
10 132 3
10 134 10
10 136 1
10 141 4
10 146 1
10 147 10
10 157 5
10 162 9
10 164 3
10 165 5
10 167 1
10 173 2
10 174 6
10 190 6
11 7 1
11 9 4
11 14 8
11 15 9
11 19 5
11 23 5
11 33 4
11 36 2
11 38 10
11 45 9
11 46 7
11 54 10
11 56 2
11 57 2
11 58 8
11 59 3
11 69 9
11 76 7
11 77 9
11 91 3
11 96 1
11 104 9
11 107 7
11 108 7
11 115 8
11 140 4
11 142 2
11 144 6
11 149 1
11 154 2
11 156 8
11 162 3
11 173 5
11 178 3
11 191 2
11 194 6
11 195 4
12 3 4
12 8 7
12 9 4
12 12 6
12 24 2
12 27 6
12 28 1
12 38 7
12 51 8
12 52 4
12 53 1
12 56 4
12 62 2
12 64 7
12 67 2
12 78 5
12 79 9
12 83 9
12 93 8
12 101 2
12 107 1
12 110 6
12 113 9
12 120 10
12 127 9
12 131 9
12 136 8
12 138 3
12 140 2
12 142 4
12 143 5
12 152 10
12 153 8
12 155 4
12 162 2
12 166 10
12 168 7
12 172 8
12 174 6
12 175 8
12 190 8
12 195 4
13 12 8
13 19 5
13 23 3
13 29 9
13 30 8
13 35 4
13 36 9
13 40 5
13 42 9
13 47 8
13 49 2
13 60 6
13 63 5
13 72 5
13 73 6
13 77 7
13 79 5
13 82 7
13 85 6
13 88 9
13 106 1
13 108 5
13 109 8
13 111 3
13 118 3
13 123 2
13 129 4
13 138 3
13 146 7
13 150 3
13 152 8
13 155 5
13 156 6
13 157 1
13 158 3
13 165 4
13 179 7
13 182 3
13 184 8
13 186 8
13 195 2
14 14 3
14 16 5
14 22 1
14 23 6
14 25 1
14 29 10
14 47 3
14 48 2
14 61 5
14 68 10
14 74 10
14 85 7
14 107 7
14 110 6
14 119 8
14 123 5
14 126 2
14 127 2
14 130 4
14 136 5
14 141 6
14 142 3
14 143 8
14 144 5
14 145 1
14 150 9
14 155 3
14 156 8
14 159 7
14 162 6
14 165 7
14 166 6
14 169 3
14 172 2
14 179 6
14 180 8
14 184 6
14 188 2
14 189 9
14 190 10
14 195 1
14 198 4
15 1 10
15 13 2
15 20 8
15 21 5
15 23 9
15 32 9
15 34 8
15 36 1
15 38 6
15 47 6
15 50 8
15 54 2
15 55 7
15 63 1
15 70 5
15 76 7
15 82 9
15 86 9
15 95 8
15 108 7
15 114 10
15 115 2
15 125 3
15 130 9
15 135 4
15 136 5
15 139 2
15 142 4
15 150 1
15 151 9
15 153 4
15 160 9
15 171 7
15 180 3
15 186 9
15 193 6
15 195 2
15 197 7
16 1 8
16 10 1
16 13 10
16 15 3
16 18 6
16 19 10
16 36 6
16 40 7
16 47 5
16 51 4
16 55 5
16 60 1
16 61 10
16 65 9
16 74 10
16 85 10
16 90 9
16 94 8
16 102 3
16 105 5
16 121 1
16 126 3
16 131 7
16 134 2
16 135 10
16 144 2
16 151 9
16 152 1
16 154 2
16 155 9
16 156 5
16 157 9
16 164 9
16 165 5
16 166 5
16 169 8
16 172 6
16 173 5
16 174 1
16 185 7
16 186 6
16 187 5
16 192 5
17 4 8
17 10 8
17 11 5
17 19 2
17 23 2
17 31 6
17 34 5
17 35 5
17 40 8
17 41 9
17 43 3
17 56 10
17 80 8
17 85 3
17 88 4
17 100 4
17 101 10
17 102 7
17 112 1
17 117 2
17 118 6
17 120 8
17 127 6
17 138 6
17 142 9
17 166 7
17 168 9
17 172 10
17 176 6
17 177 4
17 185 3
17 186 6
17 189 10
17 198 1
18 1 9
18 5 2
18 7 8
18 10 5
18 15 4
18 18 10
18 20 6
18 24 4
18 25 3
18 34 7
18 37 2
18 49 5
18 56 6
18 66 2
18 69 6
18 70 2
18 93 2
18 95 10
18 99 7
18 102 10
18 106 3
18 113 1
18 119 5
18 123 10
18 124 2
18 127 5
18 132 3
18 138 8
18 139 2
18 141 2
18 147 8
18 150 2
18 153 6
18 154 2
18 157 4
18 159 9
18 160 3
18 163 6
18 168 6
18 171 3
18 178 3
18 182 7
18 193 6
18 195 1
18 197 3
18 199 6
19 2 5
19 3 6
19 5 8
19 18 3
19 21 6
19 22 8
19 28 6
19 45 1
19 46 8
19 51 8
19 60 1
19 61 2
19 65 8
19 67 8
19 68 3
19 74 9
19 80 2
19 82 4
19 84 2
19 88 5
19 98 7
19 100 10
19 101 5
19 102 4
19 103 8
19 108 6
19 111 1
19 116 5
19 117 7
19 132 2
19 138 7
19 144 3
19 147 7
19 154 2
19 157 2
19 161 5
19 164 9
19 174 2
19 179 5
19 191 6
19 192 6
19 198 10
19 199 9
20 4 3
20 6 1
20 8 10
20 16 9
20 18 1
20 19 6
20 27 9
20 34 3
20 58 8
20 59 6
20 60 5
20 66 6
20 68 2
20 69 8
20 71 2
20 79 5
20 84 8
20 95 6
20 98 7
20 99 5
20 115 4
20 117 2
20 122 2
20 124 9
20 125 6
20 140 5
20 141 9
20 142 9
20 143 5
20 146 10
20 153 9
20 157 1
20 162 10
20 178 1
20 181 3
20 182 7
20 186 1
20 188 10
20 189 10
20 192 3
21 2 4
21 3 1
21 6 8
21 8 9
21 9 5
21 12 4
21 19 2
21 21 9
21 23 10
21 26 10
21 34 10
21 48 9
21 52 8
21 57 3
21 59 3
21 61 10
21 68 9
21 69 8
21 73 4
21 77 2
21 79 1
21 80 5
21 92 3
21 93 5
21 99 9
21 109 4
21 115 3
21 116 9
21 118 2
21 123 3
21 130 1
21 133 7
21 145 2
21 148 3
21 152 6
21 153 5
21 159 8
21 160 8
21 164 8
21 177 10
21 181 7
21 182 5
21 187 9
21 188 1
21 191 3
22 4 10
22 14 4
22 19 7
22 23 4
22 24 9
22 25 2
22 31 7
22 35 2
22 38 3
22 41 10
22 49 4
22 51 10
22 52 5
22 56 2
22 63 3
22 72 1
22 76 6
22 78 10
22 83 3
22 88 10
22 92 7
22 99 7
22 106 5
22 113 7
22 122 6
22 124 6
22 126 10
22 128 10
22 131 1
22 145 3
22 147 10
22 149 7
22 150 2
22 155 3
22 163 4
22 167 1
22 178 7
22 179 8
22 183 6
22 188 10
22 190 1
22 192 3
23 5 3
23 6 10
23 15 5
23 24 4
23 37 1
23 44 9
23 48 3
23 57 4
23 62 10
23 63 2
23 64 10
23 65 7
23 67 1
23 73 10
23 79 3
23 83 10
23 88 10
23 91 7
23 95 1
23 101 4
23 105 10
23 106 2
23 109 7
23 112 2
23 117 5
23 132 10
23 136 7
23 144 7
23 145 8
23 150 3
23 152 9
23 159 5
23 161 5
23 163 8
23 164 3
23 166 9
23 175 2
23 187 4
23 188 9
23 198 5
24 5 6
24 16 4
24 21 5
24 24 2
24 55 6
24 59 1
24 61 9
24 66 8
24 67 3
24 71 5
24 72 10
24 76 8
24 82 10
24 90 4
24 103 7
24 105 2
24 107 8
24 123 4
24 131 1
24 140 5
24 144 6
24 145 8
24 147 3
24 153 1
24 156 7
24 158 2
24 163 7
24 171 8
24 172 9
24 174 4
24 178 10
24 184 3
24 188 10
24 191 7
24 196 3
25 1 5
25 3 2
25 8 9
25 14 7
25 20 7
25 34 6
25 35 4
25 39 4
25 41 4
25 47 9
25 51 4
25 57 5
25 58 3
25 59 1
25 60 2
25 61 1
25 66 8
25 72 6
25 74 3
25 79 1
25 88 8
25 95 4
25 97 8
25 100 5
25 110 10
25 111 5
25 114 3
25 116 8
25 118 6
25 124 10
25 138 2
25 145 6
25 155 7
25 161 10
25 162 8
25 173 8
25 174 9
25 181 3
25 183 10
25 187 9
25 198 10
25 199 8
26 8 9
26 9 5
26 14 3
26 22 2
26 25 9
26 31 3
26 37 5
26 43 5
26 45 4
26 48 6
26 53 10
26 56 9
26 64 8
26 65 2
26 75 3
26 83 8
26 85 1
26 86 8
26 87 6
26 91 5
26 94 4
26 104 8
26 109 1
26 111 1
26 113 4
26 115 6
26 116 8
26 122 6
26 125 7
26 129 9
26 131 6
26 137 4
26 138 2
26 142 5
26 144 5
26 146 4
26 150 2
26 157 7
26 158 2
26 159 3
26 165 10
26 170 4
26 172 9
26 180 10
26 192 5
27 2 1
27 8 9
27 13 10
27 16 1
27 24 9
27 31 3
27 42 7
27 43 7
27 48 2
27 52 8
27 53 9
27 61 8
27 62 1
27 63 5
27 69 5
27 70 3
27 85 10
27 89 9
27 104 5
27 110 7
27 125 6
27 126 9
27 132 4
27 137 1
27 145 1
27 153 7
27 158 5
27 167 1
27 172 6
27 174 3
27 175 8
27 178 10
27 186 9
27 190 4
27 191 6
27 192 9
27 194 1
28 3 5
28 12 1
28 15 6
28 18 1
28 20 4
28 24 1
28 26 7
28 31 1
28 38 10
28 39 8
28 40 3
28 45 3
28 51 2
28 55 9
28 56 10
28 70 8
28 71 2
28 76 9
28 78 8
28 80 9
28 86 5
28 91 1
28 93 9
28 94 2
28 104 3
28 111 2
28 112 3
28 118 5
28 124 3
28 126 8
28 129 3
28 131 3
28 136 2
28 142 1
28 150 8
28 152 7
28 166 2
28 168 6
28 176 6
28 183 6
28 193 6
28 195 6
29 17 9
29 19 9
29 20 1
29 23 9
29 25 9
29 28 5
29 29 9
29 31 7
29 36 6
29 37 6
29 40 2
29 41 5
29 66 7
29 68 8
29 80 5
29 82 6
29 83 7
29 85 7
29 91 5
29 92 10
29 97 7
29 104 3
29 112 1
29 116 9
29 117 4
29 127 3
29 130 8
29 135 6
29 141 8
29 145 10
29 147 1
29 149 4
29 152 8
29 164 9
29 166 3
29 167 3
29 193 6
29 194 5
29 196 10
30 9 5
30 13 7
30 15 7
30 16 8
30 27 8
30 33 5
30 41 3
30 49 5
30 51 8
30 57 3
30 59 6
30 62 3
30 64 5
30 69 2
30 75 2
30 81 4
30 84 4
30 86 10
30 99 4
30 101 10
30 104 6
30 108 5
30 111 1
30 112 2
30 114 8
30 115 10
30 118 3
30 119 1
30 125 4
30 127 2
30 129 3
30 131 4
30 132 5
30 135 5
30 137 2
30 142 10
30 145 4
30 156 6
30 160 2
30 169 3
30 176 1
30 188 10
30 199 8
31 1 10
31 2 1
31 16 7
31 35 3
31 38 8
31 44 4
31 49 6
31 60 1
31 72 3
31 74 10
31 85 7
31 86 7
31 89 4
31 99 2
31 100 3
31 109 7
31 114 3
31 124 2
31 125 4
31 126 5
31 141 5
31 153 5
31 156 2
31 160 1
31 163 8
31 171 4
31 174 3
31 181 1
31 187 9
31 188 8
31 196 8
31 199 3
32 3 8
32 5 6
32 6 8
32 8 1
32 11 6
32 12 5
32 14 3
32 24 1
32 29 5
32 41 3
32 43 5
32 58 6
32 60 5
32 61 8
32 66 3
32 83 7
32 84 2
32 87 9
32 88 2
32 91 5
32 106 9
32 112 10
32 116 3
32 117 4
32 122 10
32 123 2
32 126 9
32 129 1
32 137 2
32 141 9
32 150 9
32 152 7
32 166 3
32 169 3
32 175 8
32 181 7
32 183 3
32 185 9
32 187 7
32 188 9
32 192 8
32 195 7
33 1 4
33 9 10
33 13 2
33 17 2
33 18 7
33 25 3
33 30 4
33 33 7
33 38 3
33 54 3
33 61 2
33 67 5
33 69 8
33 72 4
33 74 5
33 87 1
33 88 4
33 94 4
33 102 7
33 103 5
33 107 8
33 116 6
33 133 8
33 136 8
33 138 2
33 145 7
33 146 5
33 148 7
33 150 4
33 153 3
33 160 5
33 171 4
33 172 3
33 173 4
33 187 3
33 188 10
33 190 4
34 2 4
34 5 10
34 6 9
34 10 9
34 13 2
34 14 10
34 19 3
34 22 3
34 25 9
34 26 1
34 33 1
34 36 10
34 40 7
34 47 8
34 48 1
34 49 10
34 56 3
34 65 5
34 74 4
34 83 2
34 88 2
34 90 2
34 98 9
34 101 1
34 103 5
34 111 1
34 112 8
34 114 2
34 119 1
34 120 3
34 130 7
34 147 2
34 150 6
34 171 8
34 176 8
34 178 8
34 181 3
34 186 9
34 187 6
34 190 10
34 191 6
34 194 1
34 196 8
34 199 3
35 0 9
35 6 10
35 10 4
35 16 3
35 19 7
35 29 5
35 30 6
35 32 5
35 38 8
35 46 6
35 47 10
35 56 1
35 72 4
35 75 3
35 81 6
35 84 2
35 88 9
35 102 2
35 105 9
35 109 5
35 112 8
35 119 5
35 122 10
35 125 10
35 128 5
35 130 10
35 134 6
35 139 10
35 145 2
35 152 4
35 156 9
35 157 10
35 163 7
35 168 9
35 170 5
35 186 4
35 189 2
35 191 9
35 192 6
35 194 7
35 199 5
36 2 2
36 3 7
36 9 7
36 13 2
36 14 4
36 21 6
36 23 8
36 26 2
36 33 1
36 38 8
36 41 7
36 43 7
36 45 9
36 46 6
36 48 10
36 56 4
36 59 8
36 63 1
36 65 9
36 82 9
36 86 1
36 89 2
36 91 3
36 93 8
36 103 3
36 105 9
36 109 2
36 121 5
36 122 3
36 140 10
36 142 2
36 154 1
36 157 4
36 158 6
36 165 2
36 168 8
36 169 7
36 171 5
36 179 8
36 180 10
36 186 6
36 189 9
36 190 3
36 191 6
36 192 2
37 0 9
37 4 2
37 7 1
37 12 4
37 22 9
37 41 5
37 42 3
37 45 7
37 49 10
37 60 8
37 61 5
37 66 2
37 68 5
37 69 2
37 72 10
37 81 4
37 84 2
37 94 8
37 111 3
37 117 4
37 120 8
37 139 8
37 148 2
37 165 2
37 166 2
37 175 9
37 176 8
37 185 6
37 186 8
37 192 10
37 193 6
37 196 3
38 0 9
38 3 9
38 4 9
38 5 1
38 8 2
38 9 5
38 12 3
38 16 1
38 21 1
38 25 8
38 26 2
38 28 1
38 30 8
38 33 8
38 34 8
38 44 7
38 45 3
38 46 5
38 50 9
38 54 5
38 58 4
38 60 7
38 61 10
38 64 10
38 65 9
38 69 4
38 73 5
38 77 7
38 79 5
38 81 2
38 84 10
38 98 2
38 100 5
38 101 4
38 103 4
38 107 2
38 108 2
38 109 4
38 112 10
38 121 7
38 122 3
38 123 1
38 128 10
38 133 5
38 135 8
38 146 2
38 152 5
38 156 6
38 166 9
38 169 8
38 172 5
38 179 10
38 181 9
38 184 3
38 185 8
38 190 9
38 195 2
38 199 6
39 6 4
39 7 1
39 12 8
39 13 3
39 15 1
39 16 7
39 26 8
39 29 9
39 32 6
39 37 2
39 39 9
39 40 9
39 50 3
39 51 10
39 53 3
39 57 7
39 68 6
39 71 5
39 72 6
39 82 4
39 96 8
39 97 5
39 99 7
39 101 9
39 111 2
39 115 10
39 118 5
39 119 2
39 120 2
39 121 2
39 122 6
39 124 9
39 126 3
39 127 2
39 128 6
39 133 8
39 141 8
39 143 10
39 152 9
39 153 4
39 154 6
39 155 9
39 157 9
39 159 4
39 174 9
39 183 10
39 185 4
39 194 10
39 198 6
40 12 4
40 17 2
40 20 2
40 26 3
40 31 8
40 32 1
40 36 2
40 39 10
40 52 7
40 53 3
40 55 4
40 62 2
40 64 6
40 66 7
40 67 6
40 69 5
40 84 2
40 86 1
40 89 4
40 94 4
40 126 3
40 134 4
40 138 3
40 139 7
40 145 6
40 147 9
40 153 3
40 154 9
40 158 7
40 160 4
40 162 9
40 163 7
40 170 4
40 171 5
40 179 9
40 184 4
40 185 8
40 186 8
40 190 6
41 1 4
41 2 1
41 3 9
41 4 1
41 6 7
41 10 2
41 11 7
41 17 3
41 26 7
41 28 9
41 29 7
41 30 9
41 32 7
41 33 5
41 36 2
41 40 2
41 44 8
41 59 5
41 62 3
41 63 1
41 64 3
41 72 10
41 74 1
41 82 6
41 99 4
41 101 3
41 113 4
41 127 8
41 129 9
41 137 4
41 154 3
41 161 9
41 171 7
41 184 2
41 192 9
41 193 5
41 194 8
41 199 5
42 3 1
42 10 1
42 11 9
42 19 10
42 23 8
42 27 4
42 29 1
42 38 6
42 41 10
42 48 3
42 49 1
42 53 6
42 54 8
42 57 6
42 59 7
42 60 1
42 63 8
42 64 5
42 65 4
42 73 3
42 80 3
42 83 7
42 85 2
42 86 6
42 90 2
42 97 9
42 98 5
42 105 5
42 113 10
42 120 5
42 124 1
42 125 5
42 128 8
42 140 8
42 142 6
42 145 2
42 146 7
42 150 3
42 155 7
42 157 5
42 158 1
42 163 6
42 166 6
42 186 6
42 190 6
42 195 8
42 197 8
43 1 4
43 15 5
43 19 1
43 26 10
43 27 7
43 37 8
43 53 8
43 58 6
43 63 3
43 66 3
43 72 8
43 73 6
43 74 3
43 83 1
43 85 3
43 88 10
43 93 1
43 95 6
43 98 3
43 101 9
43 106 2
43 112 9
43 115 1
43 118 1
43 122 9
43 127 9
43 129 6
43 130 5
43 137 4
43 138 3
43 141 6
43 146 10
43 149 4
43 152 6
43 165 4
43 167 2
43 171 7
43 173 6
43 174 10
43 175 7
43 181 9
43 182 10
43 195 5
44 1 10
44 2 1
44 3 6
44 17 2
44 23 4
44 35 10
44 36 2
44 38 10
44 43 8
44 45 6
44 51 10
44 52 5
44 53 10
44 55 5
44 59 1
44 70 3
44 72 9
44 75 2
44 76 2
44 77 6
44 81 8
44 82 1
44 89 7
44 90 4
44 99 7
44 102 1
44 103 7
44 105 10
44 107 1
44 124 8
44 128 2
44 132 1
44 138 9
44 146 7
44 148 3
44 162 5
44 167 10
44 176 2
44 190 9
44 191 7
44 192 4
44 195 5
44 199 8
45 8 2
45 22 5
45 24 10
45 31 4
45 36 1
45 37 9
45 49 9
45 52 2
45 58 8
45 65 9
45 69 6
45 72 7
45 73 5
45 74 5
45 79 9
45 81 7
45 83 4
45 88 9
45 89 2
45 96 1
45 132 7
45 141 6
45 144 4
45 150 9
45 151 8
45 155 1
45 160 8
45 163 8
45 165 6
45 171 5
45 174 3
45 175 4
45 181 1
45 186 7
45 187 10
46 3 5
46 4 1
46 9 2
46 11 1
46 14 4
46 15 8
46 22 1
46 23 1
46 32 9
46 44 10
46 50 7
46 54 1
46 55 10
46 56 5
46 60 10
46 67 7
46 71 3
46 78 9
46 79 10
46 93 4
46 95 8
46 98 6
46 105 8
46 109 2
46 112 9
46 120 5
46 124 4
46 126 1
46 130 2
46 131 1
46 141 6
46 143 1
46 147 4
46 151 5
46 152 6
46 161 3
46 172 4
46 184 7
46 190 9
46 193 5
46 198 3
47 4 6
47 5 8
47 8 1
47 19 9
47 20 4
47 21 7
47 28 10
47 41 3
47 43 9
47 48 1
47 50 4
47 53 3
47 55 6
47 58 3
47 60 4
47 61 6
47 63 2
47 70 4
47 73 2
47 80 5
47 89 1
47 91 8
47 94 6
47 95 4
47 100 7
47 101 2
47 118 1
47 119 4
47 121 1
47 126 8
47 131 5
47 132 1
47 133 8
47 140 4
47 147 4
47 161 9
47 168 9
47 170 5
47 179 10
47 182 5
47 194 6
47 195 7
48 1 3
48 2 7
48 6 7
48 7 1
48 8 6
48 13 8
48 21 6
48 43 2
48 45 6
48 51 5
48 52 7
48 56 6
48 60 4
48 61 8
48 63 4
48 65 1
48 66 4
48 75 6
48 76 9
48 78 2
48 83 1
48 85 10
48 96 10
48 98 10
48 100 3
48 108 10
48 116 1
48 118 7
48 133 4
48 152 8
48 156 9
48 166 5
48 169 2
48 175 10
48 177 7
48 188 4
48 189 5
49 0 10
49 12 5
49 14 8
49 15 5
49 18 9
49 20 10
49 31 7
49 40 10
49 42 1
49 45 4
49 47 6
49 49 10
49 53 1
49 54 6
49 60 3
49 65 8
49 68 5
49 84 7
49 85 4
49 93 7
49 100 5
49 101 2
49 102 10
49 103 9
49 109 6
49 112 2
49 113 9
49 117 2
49 124 1
49 129 3
49 134 2
49 137 7
49 142 4
49 146 8
49 149 6
49 152 7
49 164 6
49 168 8
49 171 1
49 172 2
49 173 3
49 177 5
49 178 8
49 180 4
49 184 4
49 185 8
49 192 10
49 193 6
49 194 6
50 1 4
50 3 3
50 8 5
50 10 7
50 35 10
50 37 6
50 42 2
50 43 1
50 54 1
50 57 6
50 60 8
50 62 6
50 65 9
50 73 3
50 74 10
50 83 5
50 86 2
50 99 1
50 117 10
50 120 6
50 124 5
50 141 2
50 149 6
50 151 3
50 155 3
50 156 2
50 161 10
50 170 6
50 176 2
50 183 9
50 186 8
51 0 3
51 18 3
51 20 2
51 26 9
51 29 5
51 30 6
51 31 6
51 39 1
51 41 6
51 56 2
51 58 2
51 59 4
51 70 7
51 71 5
51 75 10
51 78 1
51 86 1
51 91 5
51 92 8
51 93 1
51 97 4
51 103 1
51 109 10
51 110 1
51 111 6
51 115 9
51 116 2
51 118 1
51 120 6
51 121 4
51 124 6
51 125 6
51 142 6
51 143 3
51 155 8
51 164 9
51 165 9
51 172 10
51 178 6
51 181 9
51 188 5
51 195 10
52 6 10
52 12 7
52 19 7
52 21 1
52 26 5
52 31 5
52 39 2
52 45 8
52 46 9
52 59 2
52 69 10
52 75 1
52 89 3
52 91 6
52 92 3
52 112 5
52 115 10
52 122 7
52 126 1
52 129 2
52 138 4
52 150 9
52 160 3
52 162 1
52 168 10
52 170 2
52 178 6
52 180 6
52 184 7
52 194 2
52 196 8
52 197 4
52 199 8
53 3 8
53 4 7
53 5 7
53 17 8
53 27 8
53 30 10
53 32 3
53 33 7
53 49 2
53 50 3
53 55 7
53 58 2
53 66 3
53 68 2
53 69 7
53 70 7
53 74 2
53 75 3
53 77 9
53 89 1
53 99 9
53 104 8
53 106 5
53 120 8
53 125 9
53 137 8
53 145 8
53 153 6
53 154 10
53 157 3
53 161 1
53 176 5
53 179 8
53 180 7
53 182 1
53 185 3
53 188 6
53 190 9
53 196 9
54 8 5
54 11 5
54 15 10
54 19 10
54 22 10
54 25 8
54 27 6
54 32 10
54 33 7
54 35 9
54 38 4
54 39 7
54 43 5
54 46 2
54 58 9
54 59 10
54 60 8
54 63 3
54 64 8
54 65 10
54 69 5
54 74 10
54 79 1
54 86 3
54 87 8
54 91 2
54 100 3
54 106 4
54 107 6
54 110 3
54 111 2
54 117 6
54 123 8
54 126 1
54 128 9
54 130 4
54 132 4
54 142 3
54 146 5
54 149 3
54 150 9
54 153 10
54 162 9
54 163 1
54 165 6
54 169 6
54 172 4
54 173 7
54 177 1
54 183 9
54 188 6
54 196 1
54 197 5
55 0 3
55 1 3
55 14 1
55 15 9
55 23 6
55 26 9
55 30 3
55 42 6
55 44 3
55 45 10
55 46 2
55 49 1
55 83 4
55 85 2
55 90 4
55 100 7
55 102 2
55 103 8
55 113 8
55 125 6
55 131 4
55 132 4
55 133 8
55 136 8
55 148 2
55 153 1
55 157 7
55 160 9
55 163 10
55 167 9
55 170 6
55 179 1
55 183 7
55 184 6
55 185 3
55 187 4
55 199 4
56 1 7
56 11 5
56 16 9
56 18 7
56 21 2
56 25 10
56 28 1
56 31 2
56 50 7
56 58 5
56 61 2
56 62 3
56 67 6
56 72 9
56 77 2
56 89 1
56 104 8
56 105 2
56 107 2
56 108 1
56 115 10
56 117 8
56 145 6
56 165 10
56 169 8
56 171 10
56 177 6
56 179 4
56 180 1
56 181 2
56 189 2
56 191 7
56 194 6
57 10 8
57 11 2
57 35 6
57 38 1
57 43 10
57 61 3
57 74 6
57 81 1
57 82 7
57 85 5
57 87 5
57 89 4
57 93 6
57 94 9
57 97 3
57 105 1
57 115 4
57 122 10
57 123 7
57 125 4
57 128 8
57 139 6
57 146 2
57 154 9
57 156 1
57 164 1
57 171 6
57 175 7
57 181 2
57 182 8
57 192 9
57 194 3
57 196 9
58 0 4
58 7 8
58 11 1
58 14 7
58 16 1
58 18 6
58 20 4
58 21 7
58 31 10
58 33 3
58 34 1
58 42 5
58 49 10
58 54 6
58 63 8
58 64 7
58 65 1
58 68 10
58 73 3
58 75 1
58 78 5
58 80 5
58 83 3
58 94 4
58 97 1
58 100 5
58 105 10
58 106 5
58 113 6
58 115 6
58 118 9
58 125 2
58 127 8
58 128 9
58 130 9
58 131 1
58 134 10
58 136 6
58 137 6
58 138 6
58 141 6
58 142 5
58 148 6
58 164 10
58 166 10
58 167 5
58 170 1
58 171 7
58 180 7
58 189 9
58 194 9
58 195 3
58 196 10
59 3 8
59 7 6
59 9 1
59 13 6
59 14 1
59 19 2
59 30 8
59 39 3
59 44 8
59 49 5
59 52 3
59 57 2
59 64 5
59 71 9
59 76 5
59 77 2
59 86 9
59 90 6
59 92 5
59 98 10
59 99 2
59 100 8
59 108 6
59 113 10
59 116 6
59 124 6
59 127 3
59 130 6
59 132 5
59 136 8
59 144 10
59 145 3
59 146 6
59 148 9
59 153 4
59 157 5
59 158 6
59 161 8
59 164 5
59 167 10
59 169 4
59 172 2
59 174 8
59 180 9
59 188 2
59 189 6
59 193 4
59 195 8
59 199 7
60 3 4
60 4 8
60 7 6
60 12 4
60 33 4
60 36 9
60 38 3
60 39 5
60 45 6
60 47 8
60 51 8
60 60 7
60 61 10
60 65 8
60 69 10
60 70 1
60 74 6
60 79 7
60 86 3
60 90 6
60 91 2
60 99 10
60 102 9
60 104 9
60 107 1
60 108 9
60 117 3
60 120 9
60 128 6
60 131 2
60 133 1
60 136 9
60 139 9
60 151 8
60 166 9
60 170 6
60 186 9
60 188 10
60 195 7
61 0 4
61 1 4
61 2 10
61 6 10
61 9 1
61 12 7
61 14 6
61 20 3
61 22 10
61 34 1
61 40 4
61 47 6
61 55 4
61 59 6
61 60 2
61 62 1
61 74 2
61 78 1
61 84 7
61 85 7
61 93 5
61 101 3
61 103 9
61 107 6
61 119 1
61 124 10
61 127 3
61 128 6
61 129 7
61 140 4
61 143 6
61 150 2
61 152 1
61 155 7
61 156 2
61 165 6
61 166 2
61 170 4
61 174 8
61 180 3
61 184 4
61 185 10
61 190 2
61 191 9
61 194 6
61 197 5
61 199 7
62 7 2
62 11 1
62 19 8
62 20 10
62 21 6
62 28 9
62 33 10
62 34 4
62 35 10
62 36 7
62 39 6
62 44 6
62 46 9
62 56 10
62 64 8
62 73 5
62 74 2
62 104 1
62 106 4
62 110 4
62 111 1
62 113 4
62 119 8
62 120 3
62 124 7
62 128 1
62 135 4
62 137 4
62 142 7
62 143 8
62 154 1
62 155 10
62 156 9
62 157 7
62 163 10
62 167 4
62 186 7
62 189 3
63 0 9
63 4 3
63 5 5
63 7 3
63 11 1
63 12 1
63 15 1
63 18 1
63 20 2
63 25 10
63 28 9
63 33 1
63 41 5
63 45 10
63 47 9
63 52 9
63 55 8
63 85 3
63 88 10
63 90 6
63 91 1
63 101 3
63 105 4
63 111 5
63 114 5
63 117 10
63 123 5
63 126 3
63 127 1
63 135 2
63 136 5
63 141 1
63 146 2
63 150 5
63 153 6
63 162 3
63 176 9
63 184 6
63 188 7
64 3 3
64 16 10
64 21 10
64 23 9
64 25 1
64 35 6
64 58 8
64 65 4
64 71 3
64 84 6
64 88 5
64 90 2
64 93 4
64 108 7
64 110 2
64 115 1
64 121 6
64 123 2
64 135 3
64 136 7
64 142 2
64 156 5
64 160 5
64 170 9
64 172 3
64 174 3
64 178 2
64 181 9
64 186 5
64 190 1
64 196 4
65 14 5
65 18 7
65 26 10
65 27 1
65 28 8
65 29 6
65 31 3
65 36 4
65 39 7
65 43 8
65 44 6
65 47 5
65 48 2
65 51 3
65 58 5
65 62 10
65 64 2
65 86 6
65 89 3
65 90 8
65 108 3
65 110 7
65 111 2
65 112 7
65 122 9
65 137 8
65 139 6
65 147 10
65 151 1
65 153 10
65 158 2
65 159 4
65 162 2
65 163 8
65 172 9
65 179 10
65 183 8
65 197 10
66 3 6
66 13 6
66 15 4
66 16 3
66 23 9
66 38 1
66 44 1
66 45 5
66 49 8
66 56 4
66 58 9
66 68 1
66 69 8
66 71 5
66 85 8
66 87 7
66 88 8
66 92 6
66 99 5
66 102 8
66 105 7
66 110 2
66 117 1
66 120 5
66 123 8
66 131 5
66 133 7
66 137 10
66 140 6
66 144 6
66 154 4
66 160 7
66 161 1
66 165 5
66 168 6
66 172 7
66 175 6
66 176 3
66 198 7
67 1 4
67 10 6
67 11 6
67 13 2
67 22 5
67 34 10
67 41 1
67 43 7
67 45 4
67 49 2
67 53 1
67 59 10
67 64 9
67 69 2
67 72 6
67 75 10
67 81 9
67 84 8
67 94 10
67 97 6
67 98 1
67 99 5
67 100 2
67 105 4
67 106 1
67 107 5
67 111 1
67 112 7
67 117 8
67 132 3
67 133 4
67 141 3
67 146 5
67 150 9
67 153 5
67 156 3
67 157 6
67 161 4
67 173 3
67 175 1
67 181 9
67 188 7
67 192 9
67 194 3
67 199 8
68 3 5
68 4 10
68 22 10
68 40 2
68 41 1
68 55 10
68 59 5
68 63 7
68 69 7
68 72 8
68 76 6
68 77 8
68 78 10
68 95 8
68 99 6
68 106 10
68 111 6
68 116 8
68 123 8
68 129 5
68 131 9
68 136 3
68 159 4
68 168 6
68 173 5
68 181 7
68 187 4
68 194 7
68 196 5
68 198 8
68 199 1
69 10 8
69 12 2
69 14 8
69 16 9
69 19 5
69 20 2
69 21 9
69 31 1
69 32 10
69 33 3
69 34 8
69 46 4
69 49 2
69 57 10
69 65 8
69 67 6
69 68 7
69 71 1
69 85 2
69 123 1
69 125 3
69 138 1
69 142 5
69 150 8
69 152 4
69 165 3
69 166 6
69 168 2
69 169 2
69 172 4
69 175 2
69 179 9
69 193 8
69 195 5
70 8 9
70 12 9
70 13 1
70 14 10
70 17 7
70 18 4
70 23 1
70 30 7
70 34 8
70 35 6
70 40 1
70 41 3
70 52 2
70 57 9
70 62 4
70 67 5
70 70 7
70 71 3
70 72 3
70 73 7
70 79 1
70 86 10
70 87 1
70 90 9
70 93 2
70 95 1
70 97 4
70 98 3
70 101 9
70 103 5
70 107 2
70 110 10
70 114 5
70 121 9
70 123 8
70 124 4
70 132 5
70 143 5
70 148 2
70 152 1
70 157 7
70 159 5
70 167 8
70 168 5
70 169 9
70 174 10
70 181 3
70 182 2
71 5 4
71 6 9
71 10 7
71 12 7
71 19 3
71 21 4
71 24 3
71 26 8
71 27 7
71 28 10
71 32 9
71 38 6
71 44 7
71 49 2
71 55 3
71 58 9
71 64 3
71 72 10
71 74 2
71 79 1
71 80 3
71 86 5
71 91 10
71 97 8
71 100 1
71 101 10
71 103 2
71 110 5
71 114 10
71 116 4
71 117 1
71 118 9
71 119 1
71 126 10
71 133 9
71 141 7
71 143 3
71 146 4
71 151 3
71 154 3
71 157 6
71 162 1
71 163 5
71 165 8
71 179 9
71 186 10
71 192 10
71 199 10
72 4 7
72 5 2
72 8 6
72 13 7
72 21 7
72 35 3
72 58 3
72 60 3
72 70 7
72 74 4
72 75 1
72 77 3
72 82 2
72 86 8
72 93 8
72 109 4
72 122 1
72 125 1
72 132 9
72 140 10
72 141 9
72 145 7
72 151 3
72 154 8
72 163 10
72 168 3
72 174 2
72 178 5
72 179 2
72 182 5
72 183 1
72 187 7
72 188 10
72 190 1
73 0 2
73 1 9
73 11 3
73 13 10
73 16 4
73 18 9
73 20 7
73 22 4
73 28 5
73 29 10
73 35 7
73 44 2
73 46 2
73 48 4
73 66 7
73 76 1
73 82 10
73 85 4
73 86 1
73 88 4
73 89 3
73 92 6
73 96 5
73 97 5
73 99 10
73 124 4
73 127 6
73 137 4
73 156 5
73 159 2
73 160 8
73 162 7
73 168 6
73 173 6
73 174 4
73 177 6
73 183 9
73 186 2
74 10 4
74 24 8
74 27 2
74 28 7
74 37 2
74 41 9
74 72 4
74 81 8
74 82 2
74 83 7
74 84 8
74 88 3
74 92 2
74 94 3
74 102 2
74 108 1
74 109 4
74 119 6
74 126 4
74 133 4
74 136 2
74 137 8
74 142 9
74 143 3
74 149 7
74 151 5
74 155 6
74 168 5
74 169 5
74 178 2
74 179 6
74 180 8
74 181 4
74 183 5
74 189 1
74 192 2
74 196 8
74 197 3
75 1 2
75 14 9
75 18 9
75 19 3
75 22 6
75 23 5
75 39 3
75 44 1
75 47 9
75 52 7
75 53 2
75 62 2
75 63 8
75 70 3
75 76 4
75 78 6
75 80 10
75 81 2
75 85 4
75 87 10
75 108 10
75 116 2
75 147 2
75 149 4
75 150 1
75 153 7
75 168 7
75 171 9
75 173 8
75 177 6
75 179 8
75 182 2
75 184 1
75 185 5
75 187 2
75 192 1
76 4 3
76 5 2
76 13 8
76 15 5
76 18 8
76 19 4
76 23 2
76 24 8
76 32 7
76 40 6
76 47 5
76 51 1
76 68 2
76 75 9
76 78 4
76 83 2
76 93 9
76 95 7
76 97 4
76 98 5
76 110 2
76 114 6
76 137 9
76 138 8
76 141 7
76 151 6
76 152 7
76 154 1
76 156 3
76 166 3
76 167 7
76 170 8
76 171 3
76 188 2
76 190 9
76 199 7
77 4 10
77 6 3
77 12 10
77 30 10
77 31 8
77 41 4
77 42 6
77 46 2
77 51 10
77 56 3
77 68 2
77 69 6
77 77 6
77 87 2
77 88 8
77 90 7
77 94 8
77 97 1
77 100 3
77 103 4
77 110 7
77 112 8
77 120 10
77 122 7
77 128 2
77 130 7
77 134 8
77 141 9
77 142 3
77 144 6
77 146 4
77 153 3
77 155 6
77 157 6
77 160 5
77 166 3
77 168 9
77 170 3
77 173 4
77 174 5
77 177 3
77 192 6
78 13 8
78 16 3
78 21 2
78 33 9
78 38 10
78 49 1
78 56 1
78 59 2
78 70 7
78 71 10
78 84 4
78 89 9
78 91 7
78 97 9
78 107 10
78 115 9
78 124 9
78 125 8
78 129 7
78 132 9
78 138 4
78 140 4
78 141 8
78 145 6
78 147 5
78 148 8
78 151 8
78 158 7
78 168 1
78 180 9
78 185 1
78 187 4
79 2 9
79 8 8
79 18 7
79 28 5
79 32 2
79 35 5
79 42 7
79 48 2
79 56 4
79 59 5
79 65 9
79 69 6
79 73 4
79 78 4
79 88 7
79 92 7
79 115 5
79 122 9
79 123 5
79 125 10
79 139 3
79 145 8
79 147 7
79 158 2
79 161 3
79 168 7
79 170 2
79 171 2
79 185 7
79 197 2
79 199 2
80 5 1
80 7 5
80 9 2
80 11 1
80 13 5
80 15 9
80 19 3
80 20 7
80 21 6
80 25 1
80 50 4
80 54 4
80 55 2
80 71 2
80 73 6
80 80 9
80 85 9
80 90 3
80 96 2
80 100 1
80 108 7
80 118 5
80 124 6
80 128 6
80 135 9
80 145 4
80 146 4
80 147 1
80 151 9
80 159 5
80 164 9
80 166 7
80 181 2
80 188 2
80 190 7
81 0 7
81 3 2
81 11 3
81 21 6
81 25 6
81 28 4
81 30 8
81 42 4
81 44 2
81 48 8
81 55 5
81 58 8
81 61 5
81 66 4
81 67 7
81 71 9
81 74 7
81 75 9
81 81 7
81 82 5
81 85 10
81 86 3
81 96 6
81 98 2
81 101 3
81 103 8
81 106 2
81 107 8
81 113 9
81 115 4
81 118 6
81 119 2
81 123 5
81 124 5
81 126 3
81 143 5
81 145 9
81 160 3
81 169 3
81 170 1
81 185 7
81 191 7
81 194 4
81 195 9
81 197 6
81 198 2
82 1 10
82 3 8
82 14 10
82 20 7
82 21 4
82 46 1
82 51 9
82 54 7
82 59 10
82 61 1
82 66 6
82 71 2
82 77 8
82 83 8
82 85 4
82 88 6
82 91 10
82 92 4
82 98 6
82 104 7
82 105 10
82 110 1
82 111 3
82 116 8
82 122 5
82 126 10
82 129 5
82 130 6
82 134 1
82 135 5
82 140 8
82 143 1
82 157 6
82 161 10
82 163 5
82 164 4
82 169 4
82 178 10
82 179 4
82 184 7
82 195 7
82 198 9
83 0 9
83 7 10
83 15 5
83 17 8
83 20 1
83 22 3
83 25 7
83 28 7
83 35 3
83 37 4
83 51 3
83 61 1
83 63 5
83 65 2
83 75 2
83 80 3
83 81 5
83 87 1
83 103 7
83 104 10
83 108 3
83 109 5
83 114 5
83 118 6
83 125 10
83 129 9
83 138 4
83 142 2
83 144 9
83 146 9
83 150 6
83 151 10
83 158 10
83 172 1
83 176 8
83 177 10
83 183 10
83 185 10
83 191 10
83 192 8
84 6 1
84 14 5
84 18 6
84 20 9
84 22 3
84 24 7
84 26 6
84 32 2
84 33 2
84 43 10
84 44 9
84 45 1
84 48 8
84 49 4
84 51 9
84 62 9
84 63 9
84 65 9
84 66 7
84 68 10
84 72 6
84 77 10
84 78 8
84 82 4
84 84 9
84 91 3
84 93 4
84 97 5
84 98 5
84 107 10
84 109 5
84 112 1
84 115 3
84 123 9
84 134 3
84 143 3
84 150 9
84 153 10
84 155 6
84 156 5
84 169 4
84 179 2
84 182 2
84 187 1
84 189 6
84 193 3
85 0 9
85 11 9
85 17 4
85 18 8
85 24 9
85 27 10
85 38 10
85 39 8
85 46 8
85 49 5
85 70 9
85 75 5
85 76 5
85 79 1
85 81 10
85 82 3
85 84 10
85 90 2
85 106 4
85 111 5
85 114 6
85 122 10
85 123 7
85 131 5
85 134 4
85 147 2
85 148 2
85 153 4
85 154 4
85 165 9
85 175 1
85 181 5
85 183 10
85 186 8
85 188 1
85 189 10
85 191 1
86 1 4
86 5 9
86 15 7
86 22 4
86 31 2
86 35 5
86 37 8
86 39 10
86 49 8
86 51 7
86 55 10
86 59 7
86 63 10
86 69 8
86 70 10
86 81 6
86 84 9
86 88 1
86 94 7
86 95 10
86 97 1
86 100 7
86 102 7
86 108 9
86 114 10
86 119 6
86 134 1
86 137 9
86 138 10
86 139 3
86 142 7
86 146 3
86 156 5
86 159 10
86 167 6
86 177 6
86 184 1
86 189 10
86 191 7
87 5 10
87 8 9
87 17 4
87 18 1
87 24 10
87 26 4
87 36 1
87 43 2
87 56 9
87 57 6
87 63 10
87 65 10
87 67 8
87 70 5
87 73 6
87 77 4
87 80 8
87 95 3
87 109 6
87 121 3
87 133 8
87 134 7
87 143 6
87 163 5
87 165 9
87 168 10
87 178 1
87 191 4
87 192 9
87 193 3
87 194 4
88 2 7
88 8 5
88 18 3
88 21 3
88 27 1
88 31 8
88 32 10
88 38 7
88 48 7
88 52 10
88 56 4
88 59 7
88 63 7
88 66 8
88 70 5
88 78 1
88 81 5
88 92 3
88 93 7
88 95 7
88 105 5
88 107 10
88 109 10
88 115 3
88 121 7
88 124 5
88 125 9
88 126 1
88 132 5
88 137 4
88 142 1
88 143 1
88 144 6
88 157 3
88 169 2
88 172 10
88 182 2
88 188 3
88 192 3
88 199 5
89 0 4
89 6 6
89 9 5
89 10 10
89 13 9
89 15 8
89 20 4
89 23 2
89 24 9
89 28 10
89 36 9
89 37 2
89 38 10
89 56 2
89 60 10
89 64 8
89 69 3
89 74 6
89 75 4
89 77 5
89 78 7
89 82 9
89 93 9
89 99 9
89 103 2
89 107 4
89 111 9
89 113 8
89 118 5
89 120 8
89 133 10
89 136 10
89 150 2
89 152 10
89 160 4
89 161 6
89 164 1
89 166 8
89 179 1
89 184 1
89 189 5
89 190 4
89 195 5
89 196 5
89 197 10
90 4 6
90 7 9
90 15 7
90 18 10
90 21 8
90 32 2
90 33 8
90 37 8
90 45 7
90 48 2
90 52 6
90 56 8
90 60 3
90 61 7
90 66 10
90 67 1
90 71 8
90 77 6
90 81 7
90 87 4
90 89 8
90 95 2
90 106 10
90 115 6
90 117 3
90 119 3
90 121 3
90 126 1
90 127 9
90 128 8
90 130 8
90 138 5
90 140 4
90 143 2
90 145 10
90 146 8
90 149 10
90 159 5
90 161 4
90 171 5
90 173 9
90 174 3
90 178 9
90 181 7
90 195 9
91 1 7
91 6 1
91 8 10
91 9 4
91 18 5
91 19 4
91 29 3
91 30 3
91 34 4
91 35 6
91 37 1
91 46 1
91 49 4
91 55 4
91 58 3
91 60 9
91 66 9
91 74 2
91 76 10
91 84 9
91 87 4
91 90 3
91 93 5
91 97 6
91 106 5
91 113 3
91 119 10
91 133 3
91 136 8
91 138 6
91 142 9
91 143 5
91 160 1
91 163 2
91 166 7
91 170 7
91 176 10
91 188 7
91 190 4
91 196 6
91 197 10
92 0 7
92 1 7
92 2 4
92 3 4
92 8 3
92 12 6
92 13 8
92 27 7
92 36 10
92 39 1
92 41 2
92 43 1
92 44 6
92 61 3
92 62 5
92 64 2
92 71 10
92 84 4
92 87 8
92 91 8
92 96 6
92 97 1
92 102 2
92 103 1
92 105 3
92 111 9
92 123 2
92 129 3
92 139 6
92 141 1
92 151 2
92 153 7
92 155 5
92 159 9
92 160 7
92 161 5
92 176 6
92 177 9
92 196 9
92 199 10
93 3 8
93 14 4
93 15 2
93 21 6
93 22 9
93 24 6
93 25 6
93 33 4
93 34 2
93 35 5
93 36 7
93 37 8
93 39 8
93 41 7
93 44 7
93 48 3
93 51 10
93 60 4
93 69 1
93 77 3
93 86 7
93 109 1
93 113 3
93 115 10
93 119 1
93 124 3
93 126 1
93 128 5
93 129 10
93 130 2
93 133 2
93 139 2
93 147 1
93 155 9
93 163 2
93 166 10
93 168 5
93 171 4
93 173 10
93 184 10
93 187 9
94 2 7
94 4 5
94 12 9
94 14 7
94 22 5
94 26 6
94 29 4
94 31 9
94 39 6
94 42 1
94 44 4
94 46 5
94 49 10
94 52 4
94 55 5
94 65 10
94 83 8
94 85 3
94 86 2
94 93 2
94 102 10
94 103 7
94 104 7
94 112 9
94 115 7
94 118 6
94 120 10
94 125 2
94 133 4
94 134 7
94 136 8
94 139 10
94 143 3
94 151 10
94 152 7
94 153 10
94 169 3
94 171 5
94 177 5
94 184 5
94 186 1
94 191 9
94 192 10
94 199 4
95 6 7
95 9 1
95 30 9
95 31 10
95 36 8
95 39 8
95 40 4
95 42 8
95 44 2
95 47 8
95 49 4
95 52 3
95 55 6
95 56 1
95 64 5
95 65 10
95 67 1
95 68 9
95 71 6
95 76 7
95 79 10
95 86 5
95 87 8
95 90 8
95 97 4
95 99 2
95 102 9
95 106 10
95 113 1
95 121 1
95 123 9
95 126 4
95 130 2
95 145 10
95 146 3
95 158 1
95 165 4
95 183 6
95 187 1
95 188 8
96 7 2
96 14 3
96 18 3
96 20 3
96 24 2
96 25 4
96 28 2
96 30 3
96 35 8
96 42 5
96 57 5
96 60 6
96 65 9
96 67 4
96 71 1
96 76 6
96 77 1
96 78 1
96 81 6
96 85 10
96 95 1
96 98 4
96 102 1
96 106 8
96 114 8
96 117 1
96 121 7
96 135 5
96 138 5
96 139 3
96 143 4
96 148 8
96 149 3
96 159 7
96 162 6
96 163 5
96 170 1
96 174 3
96 179 6
96 181 5
96 184 1
96 188 8
96 197 3
97 3 3
97 4 6
97 6 8
97 8 7
97 9 3
97 14 3
97 16 6
97 18 8
97 21 7
97 22 2
97 27 5
97 35 6
97 39 4
97 40 4
97 41 2
97 49 10
97 53 10
97 55 3
97 59 6
97 60 9
97 65 3
97 68 1
97 74 3
97 82 10
97 98 7
97 101 6
97 102 9
97 116 10
97 126 1
97 134 9
97 136 8
97 138 5
97 139 7
97 140 7
97 142 9
97 143 7
97 170 1
97 171 7
97 173 10
97 180 5
98 0 7
98 8 5
98 10 8
98 17 8
98 20 6
98 23 8
98 27 2
98 45 7
98 66 9
98 68 8
98 71 1
98 73 8
98 79 6
98 86 10
98 93 4
98 97 2
98 99 8
98 107 5
98 108 4
98 115 3
98 118 9
98 124 7
98 140 2
98 154 6
98 163 10
98 173 10
98 176 10
98 182 5
98 187 8
98 189 4
98 193 6
99 5 10
99 7 6
99 8 7
99 17 3
99 18 8
99 23 6
99 29 7
99 30 5
99 33 10
99 35 7
99 38 1
99 44 1
99 45 6
99 47 5
99 48 1
99 52 10
99 64 8
99 65 7
99 71 4
99 80 7
99 84 6
99 85 4
99 93 3
99 95 2
99 96 4
99 98 7
99 100 1
99 103 9
99 106 9
99 109 1
99 111 2
99 114 9
99 116 8
99 124 1
99 125 6
99 132 8
99 139 9
99 151 1
99 153 5
99 154 6
99 158 5
99 159 9
99 176 10
99 192 6
99 193 7
100 8 9
100 10 5
100 17 8
100 24 3
100 29 1
100 36 5
100 39 4
100 42 5
100 44 9
100 53 9
100 61 9
100 65 3
100 67 8
100 69 5
100 71 1
100 78 6
100 80 10
100 81 2
100 83 7
100 92 5
100 95 7
100 99 10
100 100 5
100 105 7
100 110 4
100 114 9
100 117 2
100 126 10
100 131 2
100 159 1
100 160 3
100 163 4
100 174 9
100 177 3
100 180 2
100 189 8
100 190 10
100 192 7
100 195 7
101 9 1
101 15 1
101 18 7
101 23 4
101 26 10
101 32 4
101 49 7
101 50 7
101 53 5
101 63 1
101 96 9
101 103 1
101 112 2
101 116 9
101 130 10
101 136 10
101 137 3
101 138 10
101 139 4
101 143 7
101 151 9
101 152 10
101 156 7
101 160 1
101 162 6
101 164 3
101 166 7
101 172 4
101 174 10
101 182 7
101 186 8
101 190 7
101 193 3
101 197 8
102 0 7
102 1 9
102 4 5
102 10 1
102 22 6
102 23 4
102 24 8
102 27 2
102 29 3
102 34 9
102 35 1
102 41 8
102 57 8
102 59 5
102 60 9
102 71 6
102 72 8
102 73 8
102 84 7
102 87 1
102 95 2
102 96 1
102 99 4
102 102 4
102 103 7
102 104 1
102 114 6
102 118 7
102 119 1
102 122 6
102 124 4
102 130 10
102 142 10
102 148 6
102 151 3
102 153 3
102 159 5
102 184 8
103 7 8
103 8 3
103 16 8
103 27 5
103 46 4
103 47 3
103 51 1
103 62 6
103 64 4
103 70 2
103 80 9
103 82 9
103 86 4
103 88 1
103 92 2
103 114 8
103 120 2
103 122 8
103 123 2
103 137 8
103 142 9
103 144 4
103 167 7
103 168 1
103 170 10
103 171 1
103 172 7
103 174 8
103 177 4
103 180 5
103 192 6
103 196 10
104 2 2
104 5 4
104 7 4
104 8 5
104 10 9
104 12 7
104 16 9
104 17 3
104 18 5
104 24 6
104 28 10
104 30 8
104 32 6
104 37 3
104 40 5
104 53 3
104 56 3
104 65 8
104 67 10
104 75 6
104 80 9
104 85 9
104 90 6
104 92 6
104 101 6
104 104 6
104 105 5
104 109 2
104 121 5
104 122 10
104 124 10
104 125 2
104 127 2
104 130 10
104 131 6
104 148 4
104 151 3
104 154 9
104 170 10
104 174 1
104 177 7
104 178 1
104 181 4
104 185 9
104 189 7
104 192 9
105 12 3
105 13 5
105 14 7
105 16 1
105 29 6
105 31 10
105 45 10
105 49 9
105 50 5
105 51 10
105 57 7
105 59 10
105 62 10
105 63 1
105 64 1
105 65 4
105 77 9
105 81 10
105 100 6
105 113 8
105 114 5
105 115 7
105 116 7
105 121 2
105 123 10
105 129 8
105 130 3
105 136 4
105 154 8
105 158 3
105 160 4
105 162 8
105 165 8
105 179 2
105 187 9
105 190 4
105 191 10
105 192 9
106 1 9
106 6 8
106 7 6
106 8 5
106 13 8
106 14 1
106 15 1
106 20 10
106 21 5
106 23 1
106 28 3
106 36 2
106 44 6
106 51 2
106 61 8
106 62 10
106 66 4
106 69 8
106 76 1
106 79 10
106 83 1
106 89 4
106 90 6
106 91 4
106 92 10
106 107 2
106 112 7
106 113 4
106 126 6
106 131 10
106 132 7
106 136 2
106 139 1
106 142 9
106 151 7
106 155 8
106 159 8
106 166 10
106 171 4
106 190 8
106 191 8
106 193 6
106 195 7
106 198 5
107 0 8
107 8 5
107 9 10
107 14 2
107 20 10
107 22 4
107 23 3
107 25 7
107 26 5
107 40 8
107 42 1
107 43 8
107 44 5
107 46 2
107 51 8
107 52 6
107 58 3
107 78 6
107 83 4
107 90 1
107 93 7
107 97 10
107 116 8
107 117 10
107 120 1
107 123 1
107 124 6
107 155 8
107 158 3
107 164 1
107 169 1
107 177 4
107 178 10
107 179 9
107 184 5
107 185 1
107 188 7
107 194 5
108 0 4
108 6 8
108 14 6
108 18 2
108 21 9
108 25 3
108 28 9
108 36 6
108 38 6
108 53 1
108 54 5
108 71 7
108 73 9
108 77 7
108 83 10
108 84 3
108 85 9
108 95 5
108 103 8
108 104 6
108 112 7
108 117 1
108 123 6
108 133 2
108 137 6
108 138 6
108 139 5
108 140 4
108 141 7
108 143 7
108 147 9
108 165 4
108 172 3
108 183 3
108 191 1
108 197 4
109 4 7
109 7 8
109 11 2
109 29 2
109 30 7
109 34 3
109 40 8
109 51 5
109 56 6
109 59 3
109 62 5
109 63 7
109 66 2
109 67 8
109 69 4
109 71 9
109 84 8
109 88 5
109 91 2
109 92 6
109 97 9
109 105 10
109 114 10
109 125 7
109 130 10
109 136 3
109 137 8
109 138 3
109 141 1
109 145 10
109 147 10
109 149 7
109 150 3
109 155 3
109 159 1
109 162 5
109 167 1
109 181 7
109 183 1
109 185 3
109 186 7
109 192 4
109 197 8
110 2 10
110 9 3
110 17 8
110 20 10
110 21 3
110 30 4
110 35 8
110 36 9
110 37 8
110 38 2
110 39 3
110 47 10
110 48 6
110 59 4
110 68 4
110 69 4
110 76 9
110 81 8
110 82 1
110 90 5
110 96 6
110 97 8
110 100 8
110 101 7
110 103 6
110 112 6
110 117 3
110 119 6
110 120 7
110 126 6
110 129 2
110 131 4
110 136 5
110 147 5
110 154 7
110 158 4
110 161 8
110 171 6
110 172 9
110 178 5
110 182 3
110 185 6
110 194 4
111 10 3
111 12 5
111 14 10
111 19 2
111 23 3
111 24 5
111 27 6
111 30 1
111 40 7
111 42 10
111 44 1
111 55 10
111 63 1
111 65 1
111 66 3
111 69 10
111 81 4
111 82 8
111 85 6
111 87 10
111 88 1
111 93 2
111 94 6
111 95 3
111 99 10
111 101 2
111 103 1
111 111 1
111 117 9
111 127 6
111 128 9
111 132 10
111 140 6
111 146 6
111 155 6
111 172 7
111 176 2
111 192 9
111 195 9
111 197 3
111 198 7
112 13 10
112 26 4
112 29 3
112 32 6
112 41 10
112 55 9
112 60 6
112 62 2
112 64 6
112 66 10
112 69 6
112 80 1
112 81 10
112 82 1
112 87 1
112 91 3
112 96 6
112 105 5
112 113 2
112 116 6
112 124 6
112 126 5
112 131 10
112 133 8
112 137 2
112 144 5
112 146 8
112 155 8
112 166 9
112 168 5
112 171 5
112 175 10
112 178 10
112 179 3
112 181 7
112 191 3
112 193 4
113 1 1
113 9 10
113 19 8
113 26 5
113 28 5
113 33 9
113 35 5
113 40 8
113 52 8
113 54 1
113 56 1
113 61 2
113 64 8
113 66 7
113 86 2
113 89 6
113 107 8
113 110 4
113 119 8
113 121 4
113 125 4
113 130 5
113 139 1
113 141 9
113 145 1
113 149 7
113 150 7
113 152 5
113 155 9
113 168 5
113 169 4
113 174 2
113 177 6
113 180 9
113 187 9
113 189 3
114 1 7
114 5 3
114 14 7
114 20 7
114 25 6
114 27 1
114 37 5
114 42 4
114 49 10
114 54 10
114 68 9
114 70 8
114 71 5
114 75 9
114 76 10
114 78 4
114 94 1
114 103 7
114 105 10
114 108 4
114 111 5
114 113 10
114 116 9
114 124 10
114 133 4
114 137 8
114 144 8
114 145 5
114 150 7
114 169 1
114 170 9
114 172 4
114 177 6
114 178 6
114 183 7
115 0 2
115 6 5
115 11 10
115 12 6
115 21 2
115 28 1
115 29 6
115 37 1
115 38 5
115 41 8
115 44 1
115 46 3
115 48 6
115 52 4
115 57 3
115 58 1
115 59 3
115 65 1
115 66 7
115 69 3
115 73 9
115 87 1
115 90 6
115 103 2
115 106 7
115 123 10
115 129 4
115 145 7
115 149 3
115 153 9
115 165 3
115 166 4
115 179 7
115 181 10
115 191 3
115 196 10
116 0 2
116 8 8
116 16 10
116 24 10
116 32 5
116 44 1
116 46 2
116 53 5
116 54 1
116 57 6
116 65 5
116 81 7
116 95 6
116 105 1
116 108 10
116 110 4
116 111 4
116 112 5
116 132 6
116 136 10
116 151 10
116 153 1
116 160 1
116 185 6
116 186 2
116 191 8
117 0 3
117 7 10
117 11 4
117 21 5
117 25 4
117 37 7
117 39 7
117 40 5
117 41 5
117 47 2
117 49 10
117 50 6
117 52 4
117 60 7
117 79 5
117 82 1
117 90 5
117 92 9
117 94 2
117 98 2
117 102 3
117 105 9
117 118 6
117 134 10
117 136 3
117 139 2
117 144 6
117 145 9
117 148 5
117 149 8
117 152 9
117 154 6
117 156 7
117 159 5
117 167 8
117 173 9
117 174 8
117 180 10
117 182 7
117 184 7
117 185 9
118 6 6
118 12 10
118 20 8
118 21 4
118 23 3
118 33 1
118 35 1
118 37 3
118 44 4
118 50 3
118 62 1
118 68 5
118 74 2
118 77 5
118 78 1
118 98 7
118 107 4
118 110 6
118 118 1
118 128 3
118 130 7
118 132 5
118 134 8
118 145 10
118 148 4
118 161 1
118 162 7
118 167 4
118 170 7
118 187 9
118 188 2
118 197 5
119 14 3
119 27 5
119 34 9
119 37 1
119 40 4
119 46 10
119 49 2
119 50 9
119 56 9
119 77 4
119 78 1
119 79 6
119 84 5
119 86 2
119 100 3
119 129 3
119 139 4
119 145 6
119 148 5
119 151 10
119 153 4
119 159 9
119 166 7
119 189 10
119 190 10
120 4 2
120 6 6
120 7 1
120 8 4
120 12 7
120 17 1
120 22 1
120 30 9
120 35 9
120 36 5
120 42 3
120 46 4
120 47 8
120 51 4
120 52 3
120 58 3
120 59 10
120 67 2
120 71 4
120 74 8
120 82 7
120 86 4
120 93 4
120 94 9
120 103 3
120 110 6
120 112 4
120 121 10
120 124 8
120 127 9
120 130 5
120 133 10
120 137 3
120 140 1
120 141 10
120 142 8
120 143 7
120 146 1
120 155 8
120 156 7
120 159 1
120 183 6
120 184 2
120 189 8
120 196 2
120 197 8
121 8 4
121 12 1
121 17 7
121 25 5
121 29 3
121 30 8
121 32 5
121 37 4
121 39 7
121 41 6
121 55 7
121 57 10
121 58 2
121 60 10
121 64 7
121 66 2
121 68 2
121 74 8
121 76 10
121 82 7
121 84 10
121 94 2
121 95 2
121 100 10
121 102 5
121 104 7
121 106 10
121 107 10
121 109 5
121 120 8
121 122 1
121 123 4
121 129 8
121 137 6
121 150 3
121 158 1
121 163 3
121 169 1
121 170 1
121 174 7
121 183 7
121 190 6
122 5 3
122 9 9
122 24 7
122 42 6
122 44 5
122 49 6
122 55 2
122 56 6
122 58 5
122 74 1
122 91 8
122 109 1
122 113 3
122 114 9
122 121 3
122 122 7
122 125 2
122 128 6
122 132 2
122 133 9
122 144 6
122 148 4
122 154 7
122 156 3
122 160 3
122 165 6
122 168 6
122 170 5
122 171 2
122 173 7
122 199 3
123 0 6
123 1 4
123 12 7
123 13 5
123 15 6
123 28 4
123 33 7
123 35 6
123 36 8
123 50 7
123 53 7
123 60 10
123 66 1
123 70 1
123 86 6
123 88 10
123 89 6
123 93 8
123 96 10
123 97 6
123 99 5
123 100 6
123 112 5
123 118 9
123 126 2
123 131 8
123 134 1
123 137 1
123 138 9
123 139 2
123 147 2
123 148 2
123 150 4
123 157 4
123 158 5
123 170 7
123 189 3
124 0 1
124 2 2
124 10 9
124 13 1
124 28 9
124 33 7
124 37 9
124 45 6
124 47 9
124 48 1
124 49 1
124 53 10
124 54 10
124 61 7
124 70 9
124 73 7
124 76 3
124 82 7
124 99 2
124 102 4
124 104 4
124 114 4
124 118 3
124 121 3
124 127 7
124 128 5
124 134 10
124 135 1
124 139 5
124 141 3
124 149 4
124 159 5
124 163 5
124 164 9
124 165 8
124 173 7
124 178 10
124 189 10
124 191 10
124 195 3
125 1 3
125 11 8
125 25 5
125 28 4
125 30 7
125 32 7
125 33 3
125 34 8
125 35 10
125 38 3
125 46 3
125 49 5
125 53 7
125 60 3
125 61 8
125 67 1
125 68 3
125 75 3
125 80 5
125 86 1
125 98 9
125 99 6
125 102 7
125 103 1
125 106 9
125 108 1
125 110 1
125 112 10
125 113 6
125 124 2
125 135 9
125 140 7
125 162 6
125 166 8
125 173 6
125 178 9
125 184 5
125 190 9
125 197 6
125 199 9
126 1 2
126 8 6
126 11 4
126 15 2
126 19 4
126 28 9
126 31 8
126 34 2
126 36 3
126 39 5
126 51 6
126 62 7
126 67 8
126 68 5
126 71 7
126 76 10
126 79 6
126 84 2
126 88 4
126 99 3
126 100 9
126 123 8
126 127 1
126 135 8
126 142 6
126 147 4
126 156 1
126 160 5
126 173 1
126 176 4
126 177 10
126 178 5
126 182 10
126 183 1
126 185 9
127 0 6
127 11 7
127 24 2
127 27 5
127 33 5
127 35 8
127 38 7
127 47 4
127 53 9
127 54 2
127 64 3
127 68 7
127 71 4
127 77 1
127 84 6
127 85 3
127 91 4
127 93 6
127 96 9
127 100 6
127 104 7
127 112 4
127 113 5
127 123 4
127 134 4
127 141 5
127 143 1
127 151 7
127 158 5
127 171 10
127 191 5
127 196 7
127 197 5
128 2 9
128 3 10
128 9 3
128 13 9
128 17 7
128 22 1
128 26 7
128 41 8
128 52 7
128 54 8
128 57 4
128 65 10
128 68 9
128 71 1
128 72 9
128 77 2
128 80 1
128 84 3
128 89 4
128 91 8
128 92 2
128 104 6
128 114 10
128 115 2
128 126 2
128 130 2
128 137 10
128 142 5
128 150 4
128 157 6
128 161 8
128 164 3
128 175 7
128 180 4
128 184 7
128 193 9
128 198 2
129 6 2
129 16 6
129 20 2
129 24 6
129 26 4
129 27 8
129 28 5
129 32 10
129 34 5
129 39 6
129 40 4
129 50 1
129 51 2
129 52 8
129 61 3
129 65 6
129 71 8
129 74 5
129 78 7
129 81 10
129 87 4
129 88 9
129 93 6
129 96 3
129 101 4
129 125 4
129 127 4
129 130 7
129 132 2
129 138 10
129 147 7
129 148 1
129 149 10
129 150 1
129 156 3
129 159 9
129 164 8
129 168 10
129 171 5
129 172 10
129 175 3
129 180 10
129 181 2
129 185 3
130 2 9
130 15 1
130 23 7
130 29 10
130 34 3
130 36 3
130 41 2
130 49 5
130 51 7
130 63 7
130 68 4
130 70 8
130 77 7
130 89 9
130 100 3
130 101 10
130 105 9
130 106 7
130 114 5
130 119 3
130 120 7
130 123 6
130 124 8
130 126 8
130 127 1
130 134 7
130 138 5
130 139 7
130 145 1
130 147 4
130 159 3
130 160 10
130 167 7
130 174 9
130 182 7
130 183 9
130 184 6
130 187 3
130 198 1
130 199 6
131 1 10
131 8 6
131 13 2
131 14 2
131 15 7
131 16 4
131 22 5
131 28 10
131 34 10
131 38 9
131 42 8
131 47 9
131 48 10
131 53 1
131 57 8
131 58 2
131 61 8
131 65 3
131 70 3
131 82 5
131 90 9
131 98 1
131 104 5
131 107 9
131 110 1
131 126 10
131 136 2
131 147 1
131 150 2
131 156 5
131 157 2
131 161 2
131 164 8
131 178 6
131 188 10
131 191 6
131 193 9
131 197 6
132 7 1
132 11 3
132 16 5
132 17 10
132 31 6
132 32 2
132 36 2
132 43 3
132 50 6
132 66 8
132 70 9
132 72 9
132 75 6
132 78 5
132 85 4
132 88 10
132 91 8
132 95 7
132 115 9
132 116 1
132 123 9
132 126 9
132 127 7
132 134 10
132 139 3
132 151 6
132 152 9
132 156 7
132 161 9
132 165 8
132 172 1
132 177 9
132 186 4
132 188 9
132 197 2
132 199 6
133 7 5
133 11 5
133 14 7
133 17 8
133 20 6
133 22 4
133 28 4
133 29 10
133 37 5
133 41 3
133 45 10
133 50 1
133 52 4
133 57 10
133 62 2
133 63 5
133 71 6
133 74 8
133 76 2
133 97 5
133 98 10
133 99 1
133 100 2
133 102 7
133 113 4
133 117 7
133 118 7
133 125 8
133 127 10
133 128 10
133 136 4
133 138 9
133 144 7
133 147 5
133 168 9
133 174 7
133 180 3
133 194 2
133 198 2
133 199 10
134 3 10
134 9 10
134 19 9
134 21 3
134 29 3
134 30 4
134 34 4
134 35 5
134 37 10
134 43 2
134 51 2
134 60 2
134 65 4
134 70 9
134 77 4
134 87 4
134 97 5
134 99 2
134 110 9
134 112 1
134 118 4
134 123 1
134 124 10
134 126 6
134 129 9
134 131 6
134 140 7
134 154 9
134 167 4
134 169 1
134 172 6
134 174 8
134 175 9
134 176 3
134 178 1
134 184 8
134 187 7
134 191 8
134 197 8
135 6 8
135 11 4
135 15 1
135 20 10
135 23 9
135 26 5
135 40 1
135 44 6
135 52 8
135 60 1
135 61 10
135 63 7
135 73 7
135 74 1
135 84 6
135 98 4
135 105 10
135 107 3
135 111 9
135 124 3
135 135 5
135 148 7
135 151 5
135 155 6
135 157 10
135 158 8
135 166 1
135 167 10
135 168 4
135 169 8
135 170 4
135 188 1
135 193 10
136 2 10
136 3 7
136 9 4
136 14 2
136 19 4
136 27 2
136 29 5
136 39 9
136 48 1
136 49 10
136 51 9
136 69 3
136 72 4
136 92 4
136 111 7
136 114 2
136 115 4
136 118 2
136 119 3
136 122 4
136 124 6
136 126 7
136 127 2
136 128 1
136 139 2
136 140 10
136 143 8
136 147 8
136 151 5
136 155 3
136 163 5
136 166 1
136 167 8
136 171 1
136 174 1
136 179 4
136 180 5
136 188 7
136 190 7
136 193 6
136 194 1
136 195 1
136 199 6
137 4 4
137 8 5
137 24 2
137 38 6
137 45 2
137 46 7
137 48 6
137 51 7
137 52 3
137 58 6
137 59 9
137 60 2
137 72 8
137 75 4
137 78 2
137 82 7
137 90 1
137 94 10
137 104 6
137 107 2
137 110 4
137 116 3
137 117 6
137 118 10
137 121 3
137 129 4
137 132 2
137 144 7
137 145 8
137 147 8
137 149 7
137 153 10
137 159 7
137 160 2
137 162 6
137 167 6
137 168 8
137 169 6
137 177 2
137 178 3
137 180 10
137 182 7
137 184 9
137 191 6
137 195 7
137 199 7
138 1 8
138 5 4
138 8 1
138 10 10
138 14 10
138 22 2
138 33 3
138 36 8
138 37 6
138 42 1
138 45 7
138 63 3
138 68 2
138 73 1
138 74 9
138 75 1
138 85 4
138 88 8
138 97 2
138 114 3
138 123 8
138 127 1
138 135 3
138 147 9
138 148 6
138 150 6
138 161 10
138 169 2
138 170 9
138 185 1
138 186 8
138 187 3
138 190 6
138 197 7
139 1 5
139 3 5
139 11 10
139 14 4
139 16 8
139 23 3
139 33 6
139 36 3
139 41 1
139 42 5
139 43 2
139 45 8
139 61 3
139 71 1
139 76 7
139 80 10
139 99 9
139 111 1
139 127 6
139 128 6
139 134 4
139 139 5
139 147 6
139 157 3
139 158 7
139 162 8
139 172 4
139 174 10
140 6 3
140 10 4
140 14 10
140 16 6
140 20 8
140 28 10
140 38 2
140 44 1
140 45 6
140 53 5
140 55 7
140 60 3
140 63 6
140 64 9
140 72 7
140 73 1
140 79 4
140 84 6
140 85 7
140 89 8
140 91 5
140 97 8
140 99 5
140 101 1
140 105 1
140 110 2
140 120 4
140 128 9
140 134 8
140 135 2
140 136 3
140 140 2
140 172 1
140 175 5
140 192 3
140 196 10
140 198 3
140 199 7
141 0 5
141 2 1
141 6 8
141 7 10
141 12 6
141 13 3
141 17 8
141 33 7
141 44 2
141 50 8
141 52 7
141 61 3
141 72 10
141 79 10
141 83 2
141 86 2
141 91 3
141 92 9
141 97 4
141 102 10
141 104 1
141 105 1
141 116 10
141 118 9
141 121 10
141 123 4
141 127 9
141 131 1
141 135 6
141 140 1
141 141 7
141 143 10
141 147 9
141 150 8
141 163 9
141 166 7
141 179 7
141 180 3
141 183 4
141 188 5
141 193 6
141 197 6
142 3 3
142 5 9
142 27 10
142 39 6
142 43 6
142 50 9
142 59 10
142 60 7
142 64 2
142 70 8
142 71 1
142 74 3
142 88 7
142 92 4
142 102 2
142 105 10
142 111 8
142 114 4
142 116 9
142 121 8
142 122 4
142 133 4
142 134 1
142 139 10
142 141 9
142 143 3
142 150 1
142 152 4
142 154 1
142 155 6
142 160 7
142 163 3
142 165 7
142 167 2
142 176 3
142 181 7
142 184 6
142 191 4
143 7 6
143 11 8
143 25 2
143 35 9
143 37 7
143 39 8
143 58 7
143 60 7
143 62 1
143 66 5
143 73 7
143 74 8
143 76 3
143 81 6
143 92 4
143 94 7
143 99 8
143 109 4
143 113 10
143 116 4
143 121 7
143 127 6
143 129 7
143 131 8
143 137 5
143 139 7
143 141 1
143 146 8
143 148 10
143 150 1
143 154 10
143 165 4
143 170 3
143 178 9
143 184 2
143 192 10
143 197 5
144 17 9
144 40 2
144 44 1
144 50 7
144 63 3
144 66 9
144 67 6
144 70 5
144 76 2
144 78 3
144 80 9
144 81 2
144 82 9
144 83 1
144 89 1
144 93 8
144 106 6
144 107 6
144 116 3
144 119 6
144 120 10
144 136 8
144 138 4
144 148 5
144 152 9
144 153 5
144 159 10
144 166 9
144 168 1
144 175 10
144 177 1
144 182 5
144 186 4
144 198 4
145 1 8
145 2 6
145 7 8
145 8 10
145 13 7
145 14 5
145 19 5
145 21 1
145 23 2
145 24 10
145 25 6
145 26 4
145 28 1
145 35 3
145 41 9
145 48 7
145 51 5
145 53 9
145 56 10
145 57 7
145 59 10
145 61 5
145 62 6
145 64 10
145 69 4
145 72 5
145 80 3
145 82 7
145 83 10
145 103 8
145 120 3
145 123 10
145 130 8
145 131 6
145 132 10
145 137 4
145 143 8
145 153 6
145 157 8
145 158 3
145 162 8
145 165 10
145 167 10
145 170 6
145 171 6
145 176 6
145 185 1
145 188 5
145 199 2
146 2 10
146 5 10
146 20 1
146 57 9
146 58 3
146 59 7
146 62 7
146 68 5
146 75 2
146 77 5
146 84 1
146 88 10
146 91 10
146 96 3
146 98 5
146 113 7
146 116 7
146 129 4
146 131 1
146 134 6
146 135 9
146 139 2
146 141 1
146 149 4
146 153 2
146 160 7
146 163 7
146 167 5
146 172 2
146 173 10
146 184 9
146 188 10
146 190 9
146 199 2
147 10 10
147 16 4
147 20 2
147 21 6
147 29 2
147 36 7
147 53 1
147 57 5
147 60 3
147 77 7
147 79 4
147 81 8
147 83 3
147 85 10
147 91 10
147 95 6
147 96 4
147 101 5
147 104 10
147 106 10
147 116 4
147 117 7
147 118 7
147 122 8
147 124 2
147 130 2
147 131 1
147 137 10
147 141 9
147 144 6
147 145 9
147 148 5
147 155 4
147 156 10
147 170 1
147 173 2
147 174 1
147 175 9
147 176 1
147 183 9
147 186 5
147 188 5
147 194 2
147 196 2
148 3 2
148 8 2
148 21 4
148 30 9
148 40 6
148 42 7
148 50 1
148 61 6
148 63 3
148 66 1
148 75 4
148 77 10
148 80 6
148 86 9
148 88 1
148 90 6
148 93 6
148 98 5
148 102 5
148 108 3
148 109 6
148 110 2
148 118 7
148 121 2
148 129 9
148 130 7
148 131 2
148 134 3
148 139 6
148 152 9
148 153 7
148 161 9
148 167 10
148 168 10
148 169 8
148 175 3
148 176 9
148 178 6
148 186 4
148 190 2
149 1 4
149 5 5
149 6 5
149 15 7
149 17 2
149 19 10
149 22 7
149 29 7
149 33 9
149 37 5
149 41 7
149 52 1
149 54 5
149 64 1
149 65 3
149 76 4
149 77 3
149 82 3
149 84 2
149 88 5
149 89 10
149 91 1
149 93 9
149 110 6
149 124 9
149 131 4
149 134 7
149 137 5
149 146 8
149 151 8
149 159 8
149 163 8
149 180 8
149 182 3
149 189 9
149 193 7
149 195 3
149 199 1
150 1 5
150 3 2
150 8 5
150 13 9
150 17 8
150 24 1
150 26 6
150 28 7
150 31 3
150 34 7
150 35 5
150 38 3
150 40 3
150 41 2
150 44 8
150 45 9
150 46 8
150 49 9
150 53 4
150 70 10
150 73 3
150 85 7
150 87 2
150 89 10
150 99 3
150 105 2
150 109 8
150 112 5
150 127 5
150 128 2
150 130 10
150 131 5
150 132 2
150 133 7
150 134 8
150 137 9
150 138 6
150 142 8
150 146 8
150 149 2
150 152 1
150 153 8
150 161 8
150 164 6
150 168 3
150 170 9
150 177 7
150 180 6
150 181 2
150 184 1
150 186 9
150 188 9
150 192 9
150 193 3
150 195 7
150 198 4
150 199 3
151 3 3
151 51 3
151 55 10
151 60 5
151 63 1
151 69 5
151 71 1
151 73 2
151 78 8
151 80 9
151 92 2
151 94 5
151 100 10
151 102 6
151 107 9
151 108 1
151 111 10
151 112 4
151 116 9
151 121 8
151 122 10
151 125 5
151 130 4
151 132 8
151 163 7
151 167 9
151 173 4
151 182 10
151 193 4
152 2 8
152 3 4
152 11 5
152 12 10
152 13 3
152 14 5
152 17 7
152 20 1
152 25 3
152 31 7
152 38 10
152 39 8
152 40 8
152 48 8
152 55 5
152 56 10
152 72 4
152 78 8
152 83 9
152 85 9
152 93 5
152 96 1
152 104 7
152 106 6
152 107 6
152 108 6
152 111 9
152 124 2
152 127 3
152 131 8
152 133 10
152 134 4
152 136 4
152 145 2
152 146 10
152 148 8
152 151 4
152 160 4
152 161 4
152 163 6
152 165 4
152 167 6
152 170 1
152 176 3
152 189 10
152 193 7
153 15 7
153 23 8
153 25 9
153 26 1
153 31 4
153 34 8
153 43 8
153 60 5
153 64 10
153 70 9
153 77 1
153 80 2
153 83 1
153 92 3
153 97 9
153 98 6
153 106 5
153 113 4
153 123 2
153 126 2
153 136 6
153 142 6
153 144 5
153 161 6
153 162 4
153 163 9
153 166 7
153 172 1
153 178 9
153 183 5
153 196 3
153 197 9
154 12 3
154 17 7
154 21 3
154 23 6
154 28 2
154 30 10
154 39 1
154 42 9
154 53 10
154 55 8
154 66 8
154 70 3
154 75 5
154 91 3
154 92 7
154 93 3
154 95 2
154 96 9
154 99 7
154 100 4
154 102 6
154 105 9
154 111 7
154 125 1
154 126 5
154 128 8
154 129 3
154 132 3
154 135 9
154 136 5
154 139 6
154 151 7
154 155 6
154 156 6
154 159 2
154 169 3
154 171 8
154 174 2
154 186 4
154 189 9
154 190 8
154 191 2
154 195 5
154 196 4
155 5 2
155 10 10
155 13 1
155 14 4
155 21 10
155 25 7
155 29 1
155 32 1
155 37 6
155 40 9
155 41 9
155 45 1
155 50 7
155 51 7
155 53 10
155 56 4
155 58 4
155 69 7
155 71 9
155 77 4
155 82 1
155 84 2
155 89 3
155 92 1
155 94 6
155 106 10
155 110 5
155 112 9
155 119 1
155 120 2
155 125 1
155 135 4
155 141 1
155 149 1
155 151 10
155 153 3
155 157 9
155 173 3
155 180 3
155 184 5
155 185 5
155 188 10
155 195 3
155 197 1
156 8 2
156 9 10
156 10 7
156 12 4
156 13 9
156 16 4
156 20 1
156 24 3
156 38 6
156 43 7
156 49 9
156 51 10
156 52 8
156 57 9
156 58 9
156 64 7
156 67 10
156 70 4
156 71 3
156 83 9
156 85 10
156 90 9
156 94 8
156 103 3
156 115 10
156 119 1
156 121 8
156 123 6
156 125 1
156 128 1
156 130 8
156 136 6
156 141 1
156 143 8
156 145 8
156 146 6
156 152 6
156 163 3
156 165 7
156 168 6
156 172 2
156 174 6
156 183 3
156 187 1
156 192 2
156 195 9
156 199 3
157 2 7
157 3 10
157 14 1
157 26 2
157 40 5
157 41 5
157 45 7
157 53 8
157 57 5
157 61 7
157 68 4
157 69 7
157 75 10
157 78 4
157 83 7
157 84 6
157 88 5
157 100 1
157 102 8
157 104 3
157 106 10
157 110 6
157 111 3
157 122 9
157 149 7
157 151 3
157 156 4
157 159 3
157 168 9
157 174 9
157 187 10
157 195 8
157 197 3
157 199 7
158 3 6
158 4 1
158 6 8
158 7 2
158 11 4
158 18 5
158 21 9
158 25 8
158 30 6
158 34 5
158 36 9
158 37 7
158 59 5
158 70 5
158 79 1
158 81 5
158 87 1
158 90 10
158 93 4
158 95 3
158 100 3
158 108 2
158 113 1
158 124 1
158 125 4
158 131 6
158 133 6
158 136 7
158 141 1
158 143 6
158 149 6
158 151 1
158 154 6
158 158 9
158 163 2
158 171 5
158 188 6
159 8 4
159 25 6
159 31 4
159 37 8
159 39 6
159 72 10
159 73 9
159 74 3
159 76 4
159 82 8
159 91 10
159 92 4
159 97 2
159 101 7
159 104 1
159 107 3
159 108 9
159 110 7
159 111 2
159 113 4
159 114 7
159 119 4
159 126 6
159 129 4
159 133 7
159 135 3
159 136 8
159 148 6
159 151 1
159 152 2
159 155 10
159 158 4
159 163 9
159 164 1
159 170 7
159 177 1
159 180 10
159 184 9
159 187 4
159 190 1
159 194 9
159 197 4
159 199 1
160 5 8
160 12 9
160 13 6
160 15 5
160 16 3
160 18 4
160 36 7
160 49 5
160 50 9
160 60 1
160 84 10
160 85 8
160 93 9
160 97 4
160 104 7
160 109 8
160 121 7
160 128 2
160 140 9
160 141 4
160 143 6
160 146 8
160 149 1
160 150 4
160 164 5
160 169 6
160 173 3
160 174 2
160 188 10
160 195 10
160 197 6
161 1 4
161 4 9
161 7 9
161 8 3
161 12 7
161 25 4
161 33 6
161 35 3
161 42 4
161 44 7
161 50 5
161 58 6
161 62 8
161 64 6
161 73 1
161 77 7
161 78 3
161 89 4
161 96 6
161 97 3
161 103 10
161 112 3
161 120 6
161 122 1
161 125 9
161 126 3
161 127 7
161 130 3
161 137 7
161 138 9
161 146 4
161 147 9
161 163 10
161 170 4
161 183 10
161 185 7
161 196 3
162 10 8
162 11 10
162 12 4
162 17 5
162 20 5
162 23 1
162 25 10
162 34 3
162 39 1
162 48 6
162 62 7
162 68 6
162 70 9
162 73 1
162 74 6
162 78 3
162 81 1
162 83 2
162 88 4
162 94 4
162 95 1
162 111 5
162 114 5
162 121 1
162 128 5
162 144 3
162 145 3
162 146 5
162 148 7
162 149 2
162 155 3
162 168 5
162 171 8
162 172 8
162 179 4
162 183 10
162 191 9
162 199 10
163 5 5
163 6 8
163 7 4
163 10 4
163 14 2
163 15 2
163 17 1
163 26 7
163 29 3
163 30 2
163 31 4
163 32 7
163 35 2
163 36 7
163 37 3
163 43 6
163 48 4
163 49 5
163 51 5
163 52 4
163 53 4
163 54 7
163 56 5
163 58 6
163 66 3
163 71 7
163 74 8
163 90 5
163 92 7
163 107 3
163 115 3
163 117 4
163 119 6
163 123 4
163 135 6
163 136 3
163 156 2
163 158 6
163 159 7
163 166 7
163 175 6
163 176 6
163 180 9
163 198 8
164 19 7
164 22 4
164 24 6
164 29 6
164 45 3
164 61 7
164 65 5
164 66 10
164 67 8
164 71 7
164 77 4
164 80 2
164 82 4
164 86 8
164 87 5
164 93 10
164 100 3
164 105 2
164 108 5
164 113 4
164 114 9
164 117 8
164 125 3
164 126 4
164 131 4
164 134 6
164 136 9
164 139 6
164 151 9
164 156 3
164 161 4
164 163 4
164 170 5
164 171 1
164 173 10
164 176 10
164 185 7
164 196 10
165 6 10
165 11 9
165 12 5
165 13 3
165 18 2
165 20 2
165 26 2
165 31 7
165 42 4
165 52 7
165 56 2
165 58 7
165 64 4
165 72 8
165 95 5
165 97 10
165 102 3
165 105 10
165 113 3
165 135 6
165 137 9
165 141 5
165 142 6
165 148 10
165 149 9
165 150 10
165 172 4
165 174 4
165 178 5
165 180 10
165 181 4
165 184 1
165 185 1
165 186 8
165 190 8
165 199 3
166 5 6
166 17 6
166 20 5
166 23 1
166 24 1
166 27 10
166 32 10
166 34 7
166 44 10
166 45 8
166 46 8
166 47 6
166 51 8
166 53 5
166 69 5
166 77 10
166 94 5
166 101 5
166 113 4
166 114 4
166 123 4
166 125 3
166 128 5
166 129 9
166 132 3
166 136 10
166 138 10
166 140 8
166 141 8
166 145 1
166 146 9
166 149 3
166 151 4
166 155 9
166 158 9
166 174 5
166 175 2
166 181 7
166 187 7
166 197 10
166 199 7
167 17 2
167 19 6
167 23 9
167 34 10
167 36 8
167 39 1
167 44 10
167 53 7
167 57 6
167 71 7
167 73 8
167 79 1
167 83 4
167 91 2
167 96 3
167 107 5
167 113 5
167 117 8
167 121 2
167 124 3
167 127 6
167 129 9
167 130 3
167 131 4
167 135 6
167 137 2
167 140 10
167 149 1
167 155 9
167 157 2
167 158 4
167 160 4
167 161 8
167 165 8
167 167 1
167 174 4
167 181 7
167 182 9
167 183 5
167 190 8
167 191 7
167 193 1
168 7 8
168 19 5
168 23 9
168 32 9
168 34 4
168 39 8
168 53 9
168 57 10
168 64 2
168 70 10
168 72 5
168 83 3
168 93 1
168 94 9
168 100 4
168 103 3
168 108 1
168 109 10
168 110 2
168 119 6
168 125 7
168 134 4
168 138 2
168 140 10
168 141 3
168 144 5
168 146 10
168 147 8
168 156 9
168 168 3
168 172 5
168 176 4
168 183 9
168 184 7
168 185 7
168 190 2
168 194 6
168 195 4
168 197 5
169 4 5
169 19 10
169 24 8
169 27 10
169 31 6
169 33 2
169 40 4
169 47 10
169 56 6
169 58 7
169 60 7
169 64 1
169 65 10
169 68 9
169 74 3
169 89 10
169 100 8
169 101 9
169 109 5
169 119 9
169 127 5
169 130 10
169 134 10
169 136 1
169 142 7
169 143 8
169 149 10
169 154 5
169 157 8
169 168 8
169 169 2
169 172 8
169 175 2
169 183 10
169 186 3
169 191 5
169 193 4
169 198 3
170 4 2
170 12 3
170 14 1
170 18 7
170 20 5
170 24 2
170 26 3
170 40 10
170 43 4
170 49 9
170 52 1
170 55 6
170 57 3
170 62 2
170 64 8
170 84 10
170 90 6
170 96 2
170 97 4
170 106 2
170 108 4
170 112 2
170 115 10
170 116 10
170 125 9
170 128 10
170 129 3
170 135 9
170 142 2
170 172 10
170 174 10
170 175 4
170 178 8
170 181 1
170 191 5
170 198 9
170 199 5
171 5 5
171 12 8
171 15 9
171 21 9
171 32 4
171 37 6
171 47 7
171 50 1
171 57 8
171 68 4
171 79 10
171 83 3
171 86 6
171 97 5
171 101 1
171 104 3
171 107 7
171 126 4
171 139 1
171 141 6
171 148 9
171 159 7
171 160 1
171 163 5
171 169 7
171 170 7
171 177 1
171 184 3
171 186 2
171 190 5
171 191 8
171 192 1
171 199 6
172 5 8
172 10 8
172 15 9
172 17 4
172 19 2
172 21 2
172 22 4
172 25 1
172 26 8
172 39 7
172 44 6
172 47 6
172 55 9
172 61 1
172 70 6
172 74 8
172 75 4
172 83 10
172 89 9
172 91 10
172 94 7
172 97 7
172 98 5
172 101 9
172 102 5
172 104 7
172 109 8
172 115 7
172 116 2
172 127 9
172 128 2
172 131 7
172 132 6
172 140 4
172 142 6
172 144 3
172 145 1
172 163 6
172 173 10
172 185 7
172 186 5
172 190 2
172 195 9
173 1 10
173 4 1
173 11 4
173 12 6
173 19 7
173 23 5
173 27 1
173 31 5
173 41 2
173 43 10
173 50 6
173 62 4
173 69 7
173 75 3
173 78 3
173 87 4
173 93 1
173 94 2
173 97 1
173 99 7
173 101 3
173 102 6
173 106 10
173 120 4
173 137 9
173 140 5
173 141 6
173 145 2
173 149 8
173 151 8
173 153 9
173 158 2
173 160 9
173 163 5
173 164 9
173 166 8
173 172 6
173 173 7
173 176 10
173 178 2
173 187 10
173 188 10
173 194 4
173 196 6
174 3 10
174 17 10
174 19 7
174 30 2
174 31 4
174 33 3
174 37 6
174 40 3
174 41 9
174 45 10
174 51 8
174 59 2
174 61 1
174 64 5
174 67 1
174 69 6
174 78 5
174 80 7
174 88 2
174 91 7
174 92 10
174 94 8
174 97 9
174 100 7
174 102 5
174 104 10
174 106 1
174 112 9
174 115 4
174 118 9
174 120 10
174 128 6
174 132 3
174 133 6
174 145 10
174 151 2
174 155 8
174 161 7
174 164 4
174 168 5
174 170 3
174 171 9
174 188 1
174 194 7
175 2 9
175 9 6
175 10 10
175 15 7
175 17 2
175 25 8
175 28 3
175 31 1
175 42 3
175 43 4
175 45 3
175 51 8
175 52 3
175 69 2
175 71 9
175 78 3
175 85 10
175 86 2
175 89 5
175 93 7
175 98 4
175 102 10
175 103 10
175 109 6
175 112 7
175 114 3
175 136 8
175 147 5
175 149 8
175 151 4
175 154 3
175 156 4
175 157 1
175 164 9
175 177 6
175 181 6
175 188 7
175 190 8
176 1 9
176 8 3
176 13 8
176 15 9
176 18 6
176 32 6
176 33 7
176 37 3
176 39 1
176 49 9
176 52 2
176 54 5
176 55 10
176 66 8
176 71 2
176 79 2
176 86 5
176 88 5
176 89 8
176 95 4
176 97 10
176 105 8
176 124 2
176 129 3
176 140 5
176 143 1
176 144 10
176 145 2
176 147 10
176 149 7
176 160 1
176 165 2
176 166 5
176 169 4
176 173 3
176 179 2
176 180 8
176 196 6
176 197 10
177 1 7
177 5 5
177 6 4
177 14 9
177 16 10
177 17 2
177 24 2
177 27 7
177 39 2
177 41 2
177 44 6
177 45 8
177 56 8
177 57 9
177 65 2
177 67 6
177 73 3
177 75 9
177 79 2
177 82 6
177 83 6
177 86 8
177 89 7
177 103 10
177 107 9
177 108 9
177 112 9
177 123 3
177 124 2
177 130 6
177 131 9
177 139 1
177 141 3
177 144 10
177 158 7
177 161 9
177 165 6
177 167 6
177 173 3
177 179 8
177 180 8
177 182 8
177 187 8
177 189 4
177 195 1
177 196 4
178 1 4
178 6 7
178 23 8
178 26 10
178 29 5
178 35 10
178 36 1
178 38 10
178 39 5
178 41 2
178 43 4
178 46 6
178 48 8
178 49 3
178 52 4
178 56 5
178 61 1
178 67 9
178 68 1
178 69 3
178 74 3
178 80 8
178 86 3
178 89 1
178 93 7
178 94 1
178 98 1
178 99 1
178 102 3
178 109 4
178 112 2
178 122 3
178 127 4
178 132 8
178 133 1
178 134 8
178 135 5
178 138 6
178 140 6
178 150 4
178 151 5
178 152 6
178 158 5
178 160 9
178 162 4
178 167 3
178 173 2
178 178 2
178 181 8
178 187 4
178 190 6
178 191 2
178 197 3
179 11 8
179 23 4
179 25 7
179 30 9
179 42 2
179 43 10
179 47 1
179 56 9
179 59 2
179 77 3
179 78 5
179 81 10
179 83 8
179 88 9
179 98 3
179 100 5
179 106 3
179 109 4
179 110 9
179 111 1
179 114 6
179 119 9
179 121 9
179 126 9
179 129 3
179 132 1
179 142 4
179 143 10
179 146 8
179 147 9
179 152 1
179 153 8
179 156 6
179 159 9
179 164 3
179 167 2
179 172 3
179 174 5
179 182 2
179 191 1
179 198 7
180 3 4
180 9 8
180 10 9
180 13 6
180 15 7
180 20 2
180 24 5
180 42 6
180 52 2
180 58 5
180 62 4
180 63 10
180 66 8
180 68 3
180 80 10
180 81 5
180 82 4
180 91 5
180 95 10
180 97 7
180 115 7
180 119 4
180 120 1
180 122 9
180 124 9
180 125 8
180 127 9
180 128 7
180 138 10
180 144 6
180 154 9
180 162 5
180 167 3
180 176 7
180 180 10
180 182 8
180 183 9
180 184 3
180 190 3
180 192 6
180 198 9
181 0 4
181 2 5
181 9 9
181 12 1
181 14 1
181 17 1
181 19 10
181 35 3
181 38 5
181 40 10
181 47 9
181 49 2
181 53 8
181 60 5
181 63 1
181 67 4
181 71 7
181 78 2
181 83 3
181 87 7
181 95 8
181 103 6
181 106 4
181 124 3
181 134 4
181 138 3
181 141 4
181 153 1
181 154 1
181 157 6
181 160 2
181 164 7
181 169 8
181 175 10
181 183 5
181 186 9
181 189 8
181 190 8
181 197 8
182 0 4
182 19 5
182 25 1
182 30 10
182 33 9
182 36 4
182 37 9
182 39 4
182 42 2
182 48 8
182 52 8
182 53 3
182 55 6
182 56 4
182 62 7
182 64 9
182 68 5
182 69 3
182 70 1
182 77 1
182 79 10
182 80 4
182 85 6
182 87 4
182 91 10
182 92 1
182 96 4
182 98 6
182 101 10
182 108 8
182 111 2
182 117 9
182 118 9
182 120 8
182 121 8
182 132 8
182 141 6
182 148 3
182 156 5
182 160 5
182 161 7
182 162 9
182 167 2
182 173 5
182 175 4
182 181 6
182 185 5
182 189 1
182 194 8
182 196 7
182 197 9
183 0 9
183 4 1
183 14 7
183 21 6
183 22 8
183 29 9
183 33 9
183 34 1
183 35 7
183 39 5
183 43 3
183 45 5
183 49 2
183 51 9
183 54 6
183 58 4
183 62 2
183 63 1
183 66 10
183 71 6
183 85 5
183 88 7
183 89 2
183 92 9
183 94 5
183 95 10
183 96 8
183 97 6
183 103 7
183 104 1
183 108 9
183 110 4
183 111 2
183 112 4
183 114 9
183 115 2
183 130 10
183 143 5
183 145 7
183 146 10
183 147 3
183 153 2
183 167 1
183 169 1
183 170 2
183 172 7
183 174 6
183 180 7
183 187 1
183 196 10
183 199 7
184 8 3
184 12 3
184 16 7
184 17 9
184 25 6
184 27 1
184 33 1
184 34 8
184 39 1
184 45 5
184 58 9
184 61 1
184 70 6
184 77 1
184 89 7
184 103 6
184 105 7
184 108 7
184 110 5
184 122 10
184 126 4
184 133 4
184 141 2
184 146 4
184 155 5
184 157 6
184 162 9
184 164 8
184 171 4
184 172 7
184 174 6
184 178 9
184 179 6
184 181 8
184 199 1
185 1 3
185 13 8
185 17 8
185 18 3
185 20 9
185 27 3
185 37 3
185 47 2
185 49 4
185 64 4
185 65 3
185 68 7
185 76 3
185 82 2
185 83 10
185 85 7
185 87 5
185 94 10
185 95 1
185 96 2
185 104 10
185 106 5
185 110 6
185 112 8
185 115 3
185 123 3
185 128 3
185 132 3
185 133 3
185 140 7
185 144 6
185 158 5
185 166 3
185 175 7
185 177 4
185 186 2
185 188 3
185 195 4
185 197 7
185 199 9
186 5 7
186 7 7
186 11 3
186 14 8
186 16 2
186 25 3
186 26 4
186 31 4
186 35 10
186 36 7
186 46 1
186 52 5
186 54 9
186 64 3
186 68 4
186 74 7
186 86 3
186 93 9
186 94 10
186 95 10
186 96 1
186 101 9
186 102 8
186 105 4
186 108 7
186 110 3
186 124 9
186 125 9
186 127 3
186 128 3
186 133 8
186 134 10
186 135 5
186 136 4
186 140 3
186 143 5
186 146 10
186 147 1
186 165 1
186 175 5
186 186 10
186 189 7
186 190 4
186 194 7
186 195 2
187 5 7
187 7 6
187 12 8
187 15 10
187 24 1
187 25 8
187 33 2
187 38 9
187 50 10
187 67 2
187 75 3
187 76 7
187 91 1
187 94 6
187 99 2
187 107 9
187 108 1
187 110 3
187 115 9
187 122 10
187 124 1
187 125 7
187 126 5
187 145 4
187 146 7
187 149 10
187 151 5
187 156 10
187 159 4
187 165 5
187 168 10
187 174 7
187 176 2
187 178 4
187 179 5
187 183 5
187 184 6
187 187 9
187 192 1
187 197 4
188 15 9
188 16 2
188 34 3
188 39 6
188 47 4
188 48 6
188 51 1
188 52 7
188 56 8
188 59 5
188 77 10
188 78 6
188 82 4
188 86 2
188 90 7
188 95 7
188 101 5
188 105 10
188 109 8
188 125 4
188 130 8
188 135 10
188 142 3
188 151 7
188 154 8
188 156 2
188 158 1
188 162 1
188 168 1
188 169 6
188 175 4
188 180 5
188 182 8
188 184 7
188 186 5
188 188 7
188 189 10
189 2 7
189 9 8
189 11 9
189 14 1
189 19 3
189 20 1
189 26 4
189 41 7
189 43 5
189 45 9
189 55 5
189 59 5
189 60 7
189 65 2
189 71 9
189 73 1
189 74 2
189 75 7
189 76 4
189 81 3
189 83 5
189 87 5
189 91 10
189 92 6
189 97 6
189 99 9
189 100 3
189 106 1
189 115 10
189 116 5
189 129 6
189 134 1
189 142 4
189 146 1
189 149 5
189 151 8
189 155 4
189 158 1
189 170 6
189 181 9
189 182 9
189 183 6
189 190 10
189 191 3
190 2 10
190 5 8
190 12 6
190 14 2
190 16 6
190 24 5
190 32 7
190 35 1
190 37 7
190 46 10
190 49 7
190 51 9
190 63 4
190 66 2
190 70 6
190 87 3
190 90 8
190 93 5
190 96 7
190 102 6
190 104 3
190 141 3
190 142 2
190 145 8
190 149 6
190 152 4
190 153 4
190 157 5
190 160 4
190 163 3
190 169 6
190 178 3
190 181 6
190 187 7
190 192 3
190 198 5
191 22 2
191 35 5
191 36 5
191 41 4
191 52 6
191 55 1
191 65 5
191 69 5
191 77 6
191 90 6
191 91 1
191 96 8
191 104 2
191 105 7
191 107 1
191 125 4
191 127 6
191 128 1
191 138 1
191 142 4
191 146 10
191 152 9
191 157 1
191 162 6
191 176 6
191 183 1
191 193 9
191 194 2
192 18 1
192 42 7
192 43 3
192 44 2
192 49 4
192 54 4
192 55 5
192 72 1
192 73 1
192 76 3
192 92 6
192 96 5
192 106 4
192 134 1
192 141 4
192 142 1
192 153 5
192 157 4
192 159 8
192 161 4
192 163 7
192 169 3
192 174 6
192 179 9
192 180 8
192 189 6
192 194 5
193 12 4
193 14 6
193 22 6
193 27 3
193 30 8
193 34 3
193 36 4
193 40 6
193 52 4
193 59 8
193 61 6
193 67 6
193 68 7
193 72 3
193 74 1
193 86 8
193 87 7
193 93 3
193 98 9
193 102 3
193 113 8
193 116 4
193 125 9
193 126 10
193 130 1
193 138 4
193 139 3
193 141 9
193 152 6
193 154 8
193 158 9
193 181 2
193 186 10
193 188 9
193 195 9
194 3 9
194 5 4
194 9 10
194 16 4
194 23 7
194 30 6
194 37 2
194 40 7
194 41 3
194 47 3
194 53 9
194 55 2
194 83 5
194 84 5
194 86 1
194 88 1
194 102 4
194 105 7
194 106 5
194 115 7
194 122 10
194 132 3
194 133 3
194 135 10
194 138 6
194 139 8
194 142 2
194 146 4
194 147 8
194 154 4
194 155 8
194 168 10
194 173 6
194 174 8
194 176 10
194 182 2
194 188 2
194 190 3
194 193 10
194 196 4
194 198 6
195 0 9
195 10 9
195 19 3
195 21 10
195 30 3
195 35 9
195 38 2
195 42 3
195 43 9
195 49 10
195 67 1
195 76 6
195 80 1
195 85 1
195 99 7
195 100 5
195 101 8
195 110 10
195 111 6
195 113 8
195 116 5
195 118 3
195 122 10
195 124 9
195 125 1
195 133 4
195 134 1
195 139 6
195 141 3
195 144 1
195 151 2
195 180 10
195 182 5
195 185 3
195 191 2
195 195 3
196 3 7
196 10 8
196 17 7
196 18 2
196 23 5
196 31 2
196 32 2
196 33 7
196 35 4
196 37 4
196 40 6
196 44 10
196 46 2
196 50 10
196 57 7
196 63 8
196 65 9
196 69 10
196 93 2
196 94 2
196 95 2
196 98 9
196 104 1
196 109 1
196 112 9
196 114 10
196 119 4
196 127 1
196 132 8
196 133 8
196 136 5
196 143 4
196 149 7
196 165 9
196 167 2
196 168 7
196 172 5
196 174 7
196 178 3
196 189 10
196 190 9
197 1 1
197 6 3
197 7 1
197 15 2
197 17 2
197 18 9
197 22 9
197 27 5
197 30 5
197 45 9
197 64 1
197 65 8
197 67 2
197 76 9
197 77 5
197 81 5
197 87 1
197 90 1
197 91 1
197 94 4
197 106 9
197 107 4
197 109 8
197 110 3
197 115 8
197 123 5
197 127 8
197 132 4
197 152 3
197 157 10
197 168 10
197 169 9
197 171 3
197 179 1
197 188 3
197 191 8
197 194 1
197 195 9
197 199 3
198 2 9
198 4 9
198 8 1
198 16 5
198 19 4
198 20 3
198 22 9
198 23 4
198 29 9
198 37 9
198 38 4
198 39 5
198 40 9
198 41 1
198 47 10
198 52 9
198 58 2
198 64 4
198 75 7
198 79 6
198 80 6
198 83 1
198 90 4
198 95 2
198 100 7
198 101 7
198 102 6
198 104 8
198 106 7
198 108 7
198 110 10
198 113 1
198 114 9
198 116 10
198 149 2
198 152 10
198 153 8
198 162 3
198 168 1
198 180 2
198 185 3
198 186 3
198 189 1
198 193 1
198 198 5
199 1 9
199 5 10
199 6 1
199 14 1
199 15 6
199 18 4
199 24 4
199 27 10
199 28 1
199 33 5
199 35 8
199 40 6
199 46 3
199 48 2
199 52 5
199 53 8
199 60 7
199 64 7
199 67 8
199 68 1
199 73 4
199 81 8
199 83 9
199 84 3
199 93 2
199 94 9
199 101 5
199 102 1
199 104 6
199 107 1
199 120 3
199 123 3
199 127 4
199 135 6
199 136 1
199 140 2
199 147 8
199 150 9
199 156 8
199 159 3
199 171 3
199 172 5
199 174 4
199 175 10
199 179 1
199 181 9
199 182 8
199 185 2
199 189 2
199 193 4
